1e-05	1e-05	1e-05	1e-05	1e-05	1e-05	1e-05	272.43164	272.00195	271.66354	271.54193	271.50336	1e-05	1e-05	1e-05	1e-05	1e-05	1e-05	1e-05	1e-05	271.44659	271.35254	271.33008	1e-05	1e-05	1e-05	1e-05	1e-05	1e-05	1e-05	1e-05	1e-05	1e-05	1e-05	1e-05	1e-05
271.35635	271.35635	271.42023	271.51654	271.74646	272.36362	272.51093	272.43164	272.00195	271.66354	271.54193	271.50336	271.47684	271.46887	271.53336	271.59091	271.73807	272.11447	272.33664	1e-05	271.44659	271.35254	271.33008	271.32700	271.32855	271.32196	271.32571	271.32779	271.32928	271.32730	271.32309	271.33759	271.34555	271.35275	271.37732	271.37732
274.23166	274.37299	275.00745	275.64948	276.22745	276.74393	276.67365	276.23648	275.47275	274.81039	274.53519	274.54300	274.37238	274.32578	274.46423	274.65756	275.10855	275.80167	276.15948	275.33960	274.77017	273.90448	272.93024	272.58438	272.36472	272.35614	272.39227	272.51547	272.71909	272.87521	272.59500	272.89499	273.12000	273.13455	273.43451	273.96475
279.43011	280.02829	280.82834	281.59454	282.39740	283.13794	283.21555	282.58429	281.47089	281.04071	281.09521	281.39557	281.42365	281.33057	281.33493	281.20383	281.37140	281.70859	282.56656	282.11462	280.89737	279.27634	278.46680	278.03973	277.99512	277.72522	277.99390	278.03833	278.11554	278.25681	277.95175	278.07022	278.39194	278.42722	278.57422	278.91864
282.18430	282.79788	283.59314	284.30975	285.28802	286.20166	286.67773	286.11731	285.06046	284.61002	284.66406	285.01236	284.99115	284.71924	284.54126	284.33270	284.15521	284.09930	1e-05	1e-05	282.19989	281.46686	281.14398	280.97809	281.07138	280.96509	281.19241	281.49072	281.81311	282.07205	281.85867	281.58987	281.87537	281.64261	281.54834	281.74701
284.68552	285.29568	286.13379	286.95227	287.99545	289.49478	290.27975	1e-05	288.95758	288.60449	288.38959	288.37039	288.03275	287.64209	287.27481	286.84033	286.45581	286.29507	287.33051	1e-05	284.59857	284.26904	284.17303	284.12149	284.15250	283.94186	284.07867	284.42334	285.33795	286.30008	285.94507	285.00482	285.03226	284.55136	284.28867	284.31439
287.08258	287.78671	288.85715	289.86523	290.16757	292.28119	292.37097	1e-05	291.91379	292.13058	291.57089	291.12881	290.60669	290.07993	289.54529	288.98175	288.61264	288.41214	289.72632	1e-05	288.12030	288.07449	287.77908	287.28751	287.08066	286.73630	286.58603	286.84552	288.53656	290.77576	290.03528	288.68768	288.16684	287.48083	286.87589	286.74475
289.46054	290.52072	291.71753	292.93079	1e-05	294.74103	294.88040	293.95584	294.30405	294.73599	294.06775	293.86487	293.48337	292.80542	292.07983	291.43839	290.91965	290.39523	292.76938	1e-05	1e-05	292.43906	291.70947	290.52243	289.73529	289.24341	288.88727	289.55203	290.93295	293.72650	293.56247	292.08929	291.16638	290.27960	289.45239	289.23315
291.38895	1e-05	1e-05	1e-05	1e-05	296.35934	296.68024	296.03586	296.07928	295.94769	295.55176	296.47940	297.51025	297.42310	295.94104	294.54044	293.46939	291.87708	295.94794	1e-05	1e-05	295.82397	295.57184	294.29694	293.01459	291.93469	290.70297	294.14709	1e-05	294.87878	294.52219	294.66946	294.45554	293.02380	292.16333	291.82224
292.76279	1e-05	1e-05	1e-05	1e-05	297.22321	297.03467	296.73035	296.61707	296.42349	296.12885	296.21954	296.31891	295.98486	295.45834	295.19345	294.16876	292.81271	295.11115	1e-05	1e-05	295.75470	295.94269	296.74136	296.17120	293.13156	291.53885	293.26755	1e-05	295.02457	294.78119	294.62341	294.36688	294.00153	293.73660	293.44958
293.92606	1e-05	1e-05	1e-05	1e-05	297.80099	297.46625	297.24371	297.11023	296.79785	296.65506	296.61511	296.32703	295.90109	295.40192	294.85941	294.25409	293.64752	295.01529	1e-05	1e-05	295.58649	296.31061	295.69885	294.84113	293.27472	292.31909	1e-05	1e-05	295.74557	295.71063	295.44598	295.02734	294.69730	294.44009	294.12573
295.20514	297.56653	1e-05	1e-05	1e-05	298.16605	298.15485	297.92920	297.77591	297.57391	297.40201	297.09830	296.69333	296.19400	295.66406	295.14072	294.66293	294.54883	295.94086	1e-05	1e-05	1e-05	297.19507	295.87500	294.70020	293.76019	292.83374	1e-05	1e-05	1e-05	296.90182	296.19608	295.74646	295.48444	295.27811	295.17264
296.53235	298.18430	1e-05	1e-05	1e-05	298.80087	298.90359	298.88165	298.76077	298.51794	298.16528	297.67584	297.14865	296.54602	295.97195	295.54770	295.28766	295.18723	296.63199	1e-05	1e-05	1e-05	298.09680	296.20615	295.26740	294.61642	293.78421	1e-05	1e-05	1e-05	297.99478	296.95624	296.49933	296.34900	296.26187	296.29977
297.73633	299.13034	1e-05	1e-05	299.48318	299.60422	299.73090	299.70300	299.55527	299.31589	298.79367	298.14160	297.42261	296.80954	296.32904	296.00323	295.88715	295.81699	1e-05	1e-05	1e-05	1e-05	298.34161	296.54736	295.80209	295.47272	295.29700	1e-05	1e-05	1e-05	298.34705	297.72250	297.26102	297.18936	297.21841	297.38138
298.87469	300.21896	300.21896	1e-05	300.73083	300.81232	300.83405	300.62354	300.34534	299.86560	299.13702	298.33139	297.60217	297.02524	296.58395	296.34787	296.41342	296.82440	1e-05	1e-05	1e-05	1e-05	298.54245	296.88263	296.23193	296.23947	297.03778	1e-05	1e-05	1e-05	298.19827	298.09177	298.21030	297.98682	298.06122	298.44995
300.10129	300.21896	302.15875	1e-05	1e-05	302.31033	302.29807	301.66339	301.01892	299.95517	299.00790	298.11298	297.44742	296.81723	296.36853	296.22760	296.76578	298.25327	1e-05	1e-05	1e-05	1e-05	298.66943	296.80951	296.00177	296.57907	298.43616	1e-05	1e-05	1e-05	298.81909	298.93768	299.25546	299.06198	299.34583	299.56912
1e-05	1e-05	302.77777	1e-05	303.68594	303.78253	303.26779	302.05905	300.87360	299.54620	298.61142	297.80219	297.37186	296.98520	296.78296	296.82092	297.31607	299.13736	1e-05	1e-05	1e-05	1e-05	298.79260	297.07565	296.68948	297.24274	299.46457	1e-05	1e-05	1e-05	299.79913	300.17719	300.78079	300.54202	300.45364	301.12186
1e-05	1e-05	303.62857	304.40036	304.57291	304.35095	303.28024	301.80826	300.59912	299.58090	298.89386	298.22824	297.94012	297.70575	297.82700	297.93875	298.27988	299.87729	1e-05	1e-05	1e-05	1e-05	298.68109	298.13202	298.01431	298.35724	300.62402	1e-05	1e-05	1e-05	300.53708	301.51929	301.84976	301.09540	300.85120	301.69247
1e-05	1e-05	303.84937	303.74249	304.53317	303.50766	302.34583	301.12885	300.10187	299.31458	298.78186	298.15912	297.97241	297.77731	297.93726	298.26532	298.68698	300.16409	1e-05	1e-05	1e-05	299.69302	298.91318	298.85089	298.79239	299.09293	301.02237	1e-05	1e-05	1e-05	300.57541	301.71298	301.57462	300.86572	300.62253	302.11197
1e-05	1e-05	304.44830	303.29834	302.81757	301.61285	300.77170	299.86697	299.04568	298.33026	297.89871	297.60104	297.47656	297.62003	298.04468	298.68286	299.27658	300.62140	1e-05	1e-05	1e-05	299.18576	298.75064	299.34576	299.94043	1e-05	1e-05	1e-05	1e-05	1e-05	1e-05	300.98212	300.69293	300.36926	300.34668	302.25528
1e-05	302.94772	303.22809	302.15759	301.29453	300.41132	299.74545	299.00034	298.32388	297.80508	297.49847	297.49057	297.55093	297.97659	298.76337	299.42767	299.56421	299.89725	1e-05	1e-05	298.71213	298.24008	298.39697	299.34579	300.62134	1e-05	1e-05	1e-05	1e-05	1e-05	1e-05	299.88824	299.52405	300.03497	300.26486	302.47238
1e-05	302.11285	301.65875	300.86398	300.26459	299.68243	299.12686	298.57349	297.94257	297.51898	297.18427	297.03110	297.16830	297.36591	298.49612	299.51096	299.31073	298.33710	1e-05	298.05447	297.76083	297.61362	297.55420	298.19287	1e-05	1e-05	1e-05	1e-05	1e-05	1e-05	1e-05	298.69882	298.50552	299.80127	300.11420	302.81314
1e-05	300.97827	300.56680	299.85602	299.41632	298.89862	298.41168	297.97366	297.40189	296.90732	296.54181	296.31787	296.29953	296.50662	297.62070	300.53818	301.40137	1e-05	296.77240	297.12347	297.26410	297.00693	296.69806	296.74359	1e-05	1e-05	1e-05	1e-05	1e-05	1e-05	1e-05	297.60468	297.71835	1e-05	299.53656	301.63046
1e-05	298.77582	299.31442	299.03143	298.64658	298.20206	297.72510	297.26721	296.78293	296.39816	295.92236	295.52344	295.36658	295.45935	296.86368	302.41730	1e-05	297.26895	296.86856	296.82590	296.68549	296.35785	295.86380	295.52893	1e-05	1e-05	1e-05	1e-05	1e-05	1e-05	1e-05	296.94879	297.34323	1e-05	298.73578	300.78922
1e-05	1e-05	298.00305	298.36487	298.04645	297.56137	297.05658	296.53613	296.05139	295.72034	295.26675	294.72025	294.41449	294.37241	295.88031	1e-05	1e-05	296.40479	296.22491	296.31180	296.16840	295.70087	295.09991	294.54163	1e-05	1e-05	1e-05	1e-05	1e-05	1e-05	1e-05	1e-05	1e-05	1e-05	1e-05	1e-05
1e-05	1e-05	297.23810	297.95798	297.85126	297.34906	296.87915	296.01953	295.36902	294.95963	294.43784	293.90558	293.53162	293.24298	294.81158	1e-05	1e-05	295.63605	295.88507	296.02234	295.83490	295.25092	294.42477	293.65305	1e-05	1e-05	1e-05	1e-05	1e-05	1e-05	1e-05	1e-05	1e-05	1e-05	1e-05	1e-05
1e-05	1e-05	1e-05	298.37567	298.46704	298.20615	298.21252	296.31952	295.32379	295.11755	294.38586	293.41443	292.45255	291.93042	293.93515	1e-05	1e-05	295.61594	296.55334	296.49213	296.32346	295.61304	294.30081	292.80307	293.62115	1e-05	1e-05	1e-05	1e-05	1e-05	1e-05	1e-05	1e-05	1e-05	1e-05	1e-05
1e-05	1e-05	1e-05	296.22842	295.91602	295.05847	294.32947	293.62997	293.11499	292.98456	293.54434	293.62454	291.32108	290.62537	1e-05	1e-05	1e-05	1e-05	295.50931	295.06567	294.87973	295.26614	294.39337	292.09695	291.43488	1e-05	1e-05	293.86057	292.79926	1e-05	1e-05	1e-05	1e-05	1e-05	1e-05	1e-05
1e-05	1e-05	1e-05	1e-05	294.03964	292.92276	291.98981	291.19870	290.57480	290.28473	290.20477	290.34326	289.47055	289.71262	1e-05	1e-05	1e-05	1e-05	292.73618	292.19373	291.92929	291.81790	291.66718	290.86838	290.00049	293.32727	292.11099	291.81128	291.25919	1e-05	1e-05	1e-05	1e-05	1e-05	1e-05	1e-05
1e-05	1e-05	1e-05	292.50992	291.56818	290.58197	289.66290	289.01230	288.46463	288.05167	287.81061	287.77756	287.57599	289.02194	1e-05	1e-05	1e-05	1e-05	1e-05	289.76068	289.47455	289.25455	288.99860	288.67822	288.39319	1e-05	1e-05	1e-05	1e-05	1e-05	1e-05	1e-05	1e-05	1e-05	1e-05	1e-05
1e-05	1e-05	1e-05	289.20575	288.53784	287.70331	287.02594	286.54376	286.13199	285.79578	285.43256	285.23517	285.39795	1e-05	1e-05	1e-05	1e-05	1e-05	1e-05	1e-05	287.55591	286.94562	286.52985	286.13980	286.41504	1e-05	1e-05	1e-05	1e-05	1e-05	1e-05	1e-05	1e-05	1e-05	1e-05	1e-05
1e-05	1e-05	1e-05	1e-05	284.89667	284.59076	284.04810	283.95837	283.77338	283.37338	282.89993	282.70074	282.99634	1e-05	1e-05	1e-05	1e-05	1e-05	1e-05	1e-05	1e-05	284.01157	284.01239	283.79056	283.93765	1e-05	1e-05	1e-05	1e-05	1e-05	1e-05	1e-05	1e-05	1e-05	1e-05	1e-05
1e-05	1e-05	1e-05	1e-05	281.81729	281.68091	281.80264	281.75711	281.24371	280.61322	280.07205	280.01166	281.23907	1e-05	1e-05	1e-05	1e-05	1e-05	1e-05	1e-05	282.11319	281.40729	281.52164	281.01331	280.99396	1e-05	1e-05	1e-05	1e-05	1e-05	1e-05	1e-05	1e-05	1e-05	1e-05	1e-05
1e-05	1e-05	1e-05	1e-05	1e-05	1e-05	1e-05	277.66254	278.19846	1e-05	1e-05	1e-05	1e-05	1e-05	1e-05	1e-05	1e-05	1e-05	1e-05	1e-05	278.85406	278.97864	278.81323	275.63116	275.53116	1e-05	1e-05	1e-05	1e-05	1e-05	1e-05	1e-05	1e-05	1e-05	1e-05	1e-05
1e-05	1e-05	1e-05	1e-05	1e-05	1e-05	1e-05	1e-05	1e-05	1e-05	1e-05	1e-05	1e-05	1e-05	1e-05	1e-05	1e-05	1e-05	1e-05	1e-05	1e-05	1e-05	278.81323	273.89792	273.95306	273.56250	273.49814	1e-05	1e-05	1e-05	1e-05	1e-05	1e-05	1e-05	1e-05	1e-05
1e-05	1e-05	1e-05	1e-05	1e-05	1e-05	1e-05	1e-05	1e-05	1e-05	1e-05	1e-05	1e-05	1e-05	1e-05	1e-05	1e-05	1e-05	1e-05	1e-05	1e-05	1e-05	1e-05	1e-05	271.90491	271.95471	272.03146	1e-05	1e-05	1e-05	1e-05	1e-05	1e-05	1e-05	1e-05	1e-05
