   0.0000000e+00   0.0000000e+00   0.0000000e+00   0.0000000e+00   0.0000000e+00   0.0000000e+00   0.0000000e+00   0.0000000e+00   0.0000000e+00   0.0000000e+00   0.0000000e+00   0.0000000e+00   0.0000000e+00   0.0000000e+00   0.0000000e+00   0.0000000e+00   0.0000000e+00   0.0000000e+00   0.0000000e+00   0.0000000e+00   0.0000000e+00   0.0000000e+00   0.0000000e+00   0.0000000e+00   5.5139100e+00   6.3348854e+00   5.8756883e+00   4.9217095e+00   0.0000000e+00   0.0000000e+00   0.0000000e+00   0.0000000e+00   0.0000000e+00   0.0000000e+00   0.0000000e+00   0.0000000e+00
   0.0000000e+00   0.0000000e+00   0.0000000e+00   0.0000000e+00   0.0000000e+00   0.0000000e+00   0.0000000e+00   0.0000000e+00   0.0000000e+00   0.0000000e+00   0.0000000e+00   0.0000000e+00   0.0000000e+00   0.0000000e+00   0.0000000e+00   0.0000000e+00   0.0000000e+00   0.0000000e+00   0.0000000e+00   0.0000000e+00   0.0000000e+00   0.0000000e+00   6.6167182e+00   7.9482819e+00   7.3958128e+00   7.9593885e+00   6.7922430e+00   0.0000000e+00   0.0000000e+00   0.0000000e+00   0.0000000e+00   0.0000000e+00   0.0000000e+00   0.0000000e+00   0.0000000e+00   0.0000000e+00
   0.0000000e+00   0.0000000e+00   0.0000000e+00   0.0000000e+00   0.0000000e+00   0.0000000e+00   0.0000000e+00   7.5945789e+00   7.2747986e+00   0.0000000e+00   0.0000000e+00   0.0000000e+00   0.0000000e+00   0.0000000e+00   0.0000000e+00   0.0000000e+00   0.0000000e+00   0.0000000e+00   0.0000000e+00   0.0000000e+00   8.3821472e+00   7.4713201e+00   9.6022554e+00   9.9721141e+00   1.0063680e+01   7.9920494e+00   0.0000000e+00   0.0000000e+00   0.0000000e+00   0.0000000e+00   0.0000000e+00   0.0000000e+00   0.0000000e+00   0.0000000e+00   0.0000000e+00   0.0000000e+00
   0.0000000e+00   0.0000000e+00   0.0000000e+00   0.0000000e+00   6.4724125e+00   6.3883894e+00   7.7657895e+00   8.5705665e+00   8.5540499e+00   7.7665155e+00   8.1234202e+00   8.3031277e+00   6.9781470e+00   0.0000000e+00   0.0000000e+00   0.0000000e+00   0.0000000e+00   0.0000000e+00   0.0000000e+00   0.0000000e+00   7.9537927e+00   9.3333941e+00   9.9410151e+00   1.0201225e+01   9.6645589e+00   0.0000000e+00   0.0000000e+00   0.0000000e+00   0.0000000e+00   0.0000000e+00   0.0000000e+00   0.0000000e+00   0.0000000e+00   0.0000000e+00   0.0000000e+00   0.0000000e+00
   0.0000000e+00   0.0000000e+00   0.0000000e+00   0.0000000e+00   6.6826842e+00   8.1882220e+00   8.8281770e+00   9.1118025e+00   9.2002649e+00   9.1712948e+00   9.0012937e+00   8.6706576e+00   7.9752893e+00   0.0000000e+00   0.0000000e+00   0.0000000e+00   0.0000000e+00   0.0000000e+00   0.0000000e+00   0.0000000e+00   0.0000000e+00   8.9125576e+00   9.7385939e+00   9.7577779e+00   9.6800115e+00   6.7017230e+00   0.0000000e+00   0.0000000e+00   0.0000000e+00   0.0000000e+00   0.0000000e+00   0.0000000e+00   0.0000000e+00   0.0000000e+00   0.0000000e+00   0.0000000e+00
   0.0000000e+00   0.0000000e+00   0.0000000e+00   5.1635716e+00   6.9253112e+00   8.7900980e+00   9.1844710e+00   9.2816450e+00   9.2773728e+00   9.1466027e+00   8.9237748e+00   8.5490387e+00   8.0534646e+00   5.5415809e+00   0.0000000e+00   0.0000000e+00   0.0000000e+00   0.0000000e+00   0.0000000e+00   0.0000000e+00   7.7903546e+00   8.7406401e+00   9.2469117e+00   9.1870669e+00   9.2261157e+00   6.4438659e+00   0.0000000e+00   0.0000000e+00   0.0000000e+00   0.0000000e+00   0.0000000e+00   0.0000000e+00   0.0000000e+00   0.0000000e+00   0.0000000e+00   0.0000000e+00
   0.0000000e+00   0.0000000e+00   0.0000000e+00   6.5884549e+00   8.1255178e+00   9.1777395e+00   9.1947059e+00   9.0681914e+00   8.8907127e+00   8.6576226e+00   8.3678067e+00   8.0319891e+00   7.8099308e+00   5.8516321e+00   0.0000000e+00   0.0000000e+00   0.0000000e+00   0.0000000e+00   0.0000000e+00   9.0150543e+00   9.3604086e+00   8.8276499e+00   8.6002252e+00   8.6166522e+00   8.7247444e+00   0.0000000e+00   0.0000000e+00   0.0000000e+00   0.0000000e+00   0.0000000e+00   0.0000000e+00   0.0000000e+00   0.0000000e+00   0.0000000e+00   0.0000000e+00   0.0000000e+00
   0.0000000e+00   0.0000000e+00   0.0000000e+00   5.2526096e+00   8.5482273e+00   8.9490990e+00   8.7692977e+00   8.5308463e+00   8.2855858e+00   8.0191783e+00   7.7540776e+00   7.4445351e+00   7.3710610e+00   6.8774431e+00   0.0000000e+00   0.0000000e+00   0.0000000e+00   0.0000000e+00   6.3799488e+00   9.0569662e+00   8.6427240e+00   8.0210472e+00   7.8738140e+00   8.1127895e+00   8.1257943e+00   0.0000000e+00   0.0000000e+00   0.0000000e+00   0.0000000e+00   0.0000000e+00   0.0000000e+00   0.0000000e+00   0.0000000e+00   0.0000000e+00   0.0000000e+00   0.0000000e+00
   0.0000000e+00   0.0000000e+00   0.0000000e+00   6.9904806e+00   8.2189555e+00   8.1465294e+00   7.9922070e+00   7.8445484e+00   7.7250380e+00   7.5525521e+00   7.3897106e+00   7.1481013e+00   6.9902057e+00   7.0942855e+00   0.0000000e+00   0.0000000e+00   0.0000000e+00   0.0000000e+00   6.7772285e+00   7.4031661e+00   7.1426283e+00   7.0142916e+00   7.2784371e+00   7.7328636e+00   7.5359573e+00   0.0000000e+00   0.0000000e+00   0.0000000e+00   0.0000000e+00   0.0000000e+00   0.0000000e+00   0.0000000e+00   0.0000000e+00   0.0000000e+00   0.0000000e+00   0.0000000e+00
   0.0000000e+00   0.0000000e+00   5.7869900e+00   7.4307757e+00   7.2546007e+00   7.2471502e+00   7.2814742e+00   7.4070411e+00   7.5139722e+00   7.5558595e+00   7.5247162e+00   7.3293686e+00   6.9999212e+00   6.5971875e+00   4.8156841e+00   0.0000000e+00   0.0000000e+00   4.4534081e+00   6.2060372e+00   6.2732938e+00   6.2805844e+00   6.6571951e+00   7.2531475e+00   7.8873232e+00   6.8404972e+00   0.0000000e+00   0.0000000e+00   0.0000000e+00   0.0000000e+00   0.0000000e+00   0.0000000e+00   0.0000000e+00   0.0000000e+00   0.0000000e+00   0.0000000e+00   0.0000000e+00
   0.0000000e+00   0.0000000e+00   6.8531911e+00   7.0428891e+00   6.8602923e+00   7.0052583e+00   7.2647597e+00   7.5501902e+00   7.7836192e+00   7.9490749e+00   7.9712972e+00   7.8712066e+00   7.4460882e+00   6.5823992e+00   5.2061740e+00   0.0000000e+00   5.7995871e+00   5.5356922e+00   5.8977314e+00   6.4240673e+00   6.6618716e+00   7.2342710e+00   7.8363651e+00   8.3780402e+00   6.2280077e+00   0.0000000e+00   0.0000000e+00   0.0000000e+00   0.0000000e+00   0.0000000e+00   0.0000000e+00   0.0000000e+00   0.0000000e+00   0.0000000e+00   0.0000000e+00   0.0000000e+00
   0.0000000e+00   5.1585146e+00   7.3208816e+00   7.0085776e+00   7.0064620e+00   7.3189972e+00   7.7068575e+00   8.0096303e+00   8.2111272e+00   8.1973406e+00   8.1637042e+00   8.4367414e+00   8.0553056e+00   7.0169544e+00   5.3415397e+00   0.0000000e+00   4.5610384e+00   5.1984147e+00   5.3735700e+00   6.9565418e+00   7.6308260e+00   8.0795444e+00   8.3813298e+00   8.5527599e+00   0.0000000e+00   0.0000000e+00   0.0000000e+00   0.0000000e+00   0.0000000e+00   0.0000000e+00   0.0000000e+00   0.0000000e+00   0.0000000e+00   0.0000000e+00   0.0000000e+00   0.0000000e+00
   0.0000000e+00   6.6128932e+00   6.5236033e+00   7.1882096e+00   7.3295921e+00   7.6921587e+00   8.0127504e+00   8.2776582e+00   8.4167922e+00   8.3912627e+00   8.5164773e+00   8.6957202e+00   8.3516972e+00   7.3156597e+00   5.5950088e+00   3.5195458e+00   0.0000000e+00   5.8092006e+00   6.5882170e+00   7.4578066e+00   8.2748945e+00   8.4967002e+00   8.4732707e+00   8.1282158e+00   0.0000000e+00   0.0000000e+00   0.0000000e+00   0.0000000e+00   0.0000000e+00   0.0000000e+00   0.0000000e+00   5.0173730e+00   6.9918630e+00   0.0000000e+00   0.0000000e+00   0.0000000e+00
   0.0000000e+00   6.3932411e+00   5.7177787e+00   7.2215809e+00   7.4406549e+00   7.7515719e+00   7.9855282e+00   8.1399100e+00   8.2515553e+00   8.3655581e+00   8.5241972e+00   8.3461058e+00   7.9466767e+00   7.1416512e+00   5.9398890e+00   4.6591967e+00   3.8468960e+00   0.0000000e+00   8.9470488e+00   8.2448511e+00   8.4380472e+00   8.3778355e+00   8.0619958e+00   7.2834608e+00   0.0000000e+00   0.0000000e+00   0.0000000e+00   0.0000000e+00   0.0000000e+00   0.0000000e+00   0.0000000e+00   6.7964929e+00   7.1394277e+00   0.0000000e+00   6.0528555e+00   4.1864102e+00
   0.0000000e+00   5.9392544e+00   4.5548770e+00   6.7256298e+00   6.9904456e+00   7.3288752e+00   7.4771894e+00   7.5095473e+00   7.4564390e+00   7.4307050e+00   7.3617201e+00   7.0998001e+00   6.7944736e+00   6.4635733e+00   6.0404435e+00   5.4496219e+00   4.8591804e+00   5.0831731e+00   0.0000000e+00   6.0249882e+00   7.7418194e+00   7.7990366e+00   7.3600277e+00   6.3352381e+00   0.0000000e+00   0.0000000e+00   0.0000000e+00   0.0000000e+00   0.0000000e+00   0.0000000e+00   0.0000000e+00   7.7196504e+00   6.7050591e+00   4.4020706e+00   6.5983792e+00   5.0703182e+00
   0.0000000e+00   4.7059953e+00   3.8818242e+00   5.9137061e+00   6.1308583e+00   6.4250119e+00   6.5737126e+00   6.5357120e+00   6.4092560e+00   6.3169605e+00   6.2194829e+00   6.0984389e+00   5.9792464e+00   5.9188875e+00   5.8755562e+00   5.6305642e+00   5.1710028e+00   4.1315929e+00   0.0000000e+00   0.0000000e+00   5.9032006e+00   7.0870406e+00   6.5088664e+00   5.4746343e+00   3.5288857e+00   0.0000000e+00   0.0000000e+00   0.0000000e+00   0.0000000e+00   0.0000000e+00   0.0000000e+00   7.8113846e+00   6.1158672e+00   5.0854475e+00   6.5395315e+00   5.0051290e+00
   0.0000000e+00   2.4842501e+00   4.2584575e+00   5.1336625e+00   5.3518126e+00   5.5640185e+00   5.7558210e+00   5.8686408e+00   5.9534617e+00   6.0707762e+00   6.2145820e+00   6.2868694e+00   6.3074951e+00   6.2993260e+00   6.1629747e+00   5.6761305e+00   4.7865472e+00   3.8203024e+00   0.0000000e+00   0.0000000e+00   0.0000000e+00   6.3617511e+00   5.8376406e+00   4.9428644e+00   4.1258935e+00   3.2397223e+00   2.8137253e+00   0.0000000e+00   0.0000000e+00   0.0000000e+00   0.0000000e+00   6.8588876e+00   5.3901088e+00   5.5717061e+00   6.4466488e+00   3.8868210e+00
   0.0000000e+00   0.0000000e+00   3.5432580e+00   4.2681551e+00   5.0207264e+00   5.0496568e+00   5.2406201e+00   5.5530726e+00   5.8225809e+00   6.0828539e+00   6.3115584e+00   6.4189818e+00   6.4196135e+00   6.3742943e+00   6.0948574e+00   5.4709551e+00   4.4545841e+00   3.7162141e+00   0.0000000e+00   0.0000000e+00   0.0000000e+00   5.3135025e+00   5.7660374e+00   4.8978755e+00   4.4307577e+00   4.2430951e+00   3.4569846e+00   0.0000000e+00   0.0000000e+00   0.0000000e+00   6.1579854e+00   5.6547420e+00   4.8714926e+00   5.3433234e+00   5.6746050e+00   3.6747416e+00
   0.0000000e+00   0.0000000e+00   3.0562050e+00   2.4689534e+00   4.6114958e+00   4.8884852e+00   5.0571207e+00   5.4414470e+00   5.8659540e+00   6.2169499e+00   6.5107604e+00   6.6390643e+00   6.6221442e+00   6.4436637e+00   5.9996221e+00   5.2439363e+00   4.3462669e+00   3.8235414e+00   0.0000000e+00   0.0000000e+00   0.0000000e+00   0.0000000e+00   6.1360180e+00   5.4216413e+00   4.9621796e+00   4.5176569e+00   3.5051514e+00   0.0000000e+00   0.0000000e+00   0.0000000e+00   6.1454451e+00   5.3731968e+00   4.9953795e+00   5.1506125e+00   5.1834652e+00   4.2740324e+00
   0.0000000e+00   0.0000000e+00   4.1480111e+00   2.2873815e+00   2.6091685e+00   4.5175952e+00   5.0033937e+00   5.2690485e+00   5.6625464e+00   6.0787821e+00   6.4500774e+00   6.7220542e+00   6.8333788e+00   6.8049233e+00   6.6255951e+00   6.2500271e+00   5.6153107e+00   4.4621519e+00   0.0000000e+00   0.0000000e+00   0.0000000e+00   0.0000000e+00   5.4626630e+00   6.1982994e+00   5.8754670e+00   5.3245779e+00   4.2871128e+00   0.0000000e+00   0.0000000e+00   0.0000000e+00   6.3799747e+00   5.9375664e+00   5.7915803e+00   5.7087449e+00   5.5947230e+00   5.1133528e+00
   4.9140700e+00   3.9103622e+00   4.7808134e+00   0.0000000e+00   0.0000000e+00   4.7862160e+00   5.1229327e+00   5.1492784e+00   5.2934563e+00   5.5910753e+00   5.9497874e+00   6.3584074e+00   6.8320071e+00   7.2315195e+00   7.4646591e+00   7.3802477e+00   6.8585384e+00   5.7138445e+00   0.0000000e+00   0.0000000e+00   0.0000000e+00   0.0000000e+00   5.0131945e+00   6.9447757e+00   6.6946273e+00   6.0719696e+00   5.0277773e+00   0.0000000e+00   0.0000000e+00   0.0000000e+00   6.4613006e+00   6.8919842e+00   6.8454967e+00   6.7352189e+00   6.5554981e+00   6.1309100e+00
   6.7518387e+00   5.9660601e+00   4.4087851e+00   0.0000000e+00   4.7007515e+00   5.8989634e+00   5.7382846e+00   5.6979819e+00   5.5856628e+00   5.6944412e+00   5.9606292e+00   6.4340433e+00   7.0154993e+00   7.5237470e+00   7.8645659e+00   7.8799249e+00   7.4846355e+00   6.8320729e+00   0.0000000e+00   0.0000000e+00   0.0000000e+00   0.0000000e+00   5.6909825e+00   7.4368978e+00   7.3627189e+00   6.7978847e+00   5.6565167e+00   0.0000000e+00   0.0000000e+00   0.0000000e+00   5.8598200e+00   7.4118470e+00   7.6696320e+00   7.7894122e+00   7.7085345e+00   7.2489897e+00
   7.2732143e+00   6.1739570e+00   0.0000000e+00   0.0000000e+00   5.2953072e+00   6.9374027e+00   6.3052206e+00   6.3067492e+00   6.1490457e+00   6.0179801e+00   6.0742350e+00   6.4039819e+00   6.9196036e+00   7.4306830e+00   7.8102292e+00   7.9235858e+00   7.7450126e+00   7.4664666e+00   3.5445383e+00   0.0000000e+00   0.0000000e+00   0.0000000e+00   6.1507871e+00   7.6245081e+00   7.7528155e+00   7.4593666e+00   6.5292070e+00   0.0000000e+00   0.0000000e+00   0.0000000e+00   4.4110682e+00   7.2014484e+00   8.1476630e+00   8.4932291e+00   8.6325792e+00   8.2138857e+00
   7.6628753e+00   5.8546884e+00   0.0000000e+00   0.0000000e+00   0.0000000e+00   7.2414604e+00   6.6198323e+00   6.7014369e+00   6.6732981e+00   6.4092057e+00   6.2595456e+00   6.3409182e+00   6.6355715e+00   7.0200455e+00   7.3632367e+00   7.5479744e+00   7.6171705e+00   7.5074549e+00   5.1587726e+00   0.0000000e+00   0.0000000e+00   0.0000000e+00   6.1229050e+00   7.2779345e+00   7.5956282e+00   7.7378018e+00   7.5556706e+00   0.0000000e+00   0.0000000e+00   0.0000000e+00   3.8203632e+00   7.0664116e+00   8.1397976e+00   8.5856041e+00   8.7905698e+00   8.5476462e+00
   8.0483637e+00   5.3504066e+00   0.0000000e+00   0.0000000e+00   0.0000000e+00   6.9123820e+00   6.7316880e+00   7.1775760e+00   7.0497034e+00   6.7980699e+00   6.5846609e+00   6.4951961e+00   6.5242500e+00   6.6628262e+00   6.8116463e+00   6.9872513e+00   7.2304886e+00   7.3485945e+00   5.6690125e+00   0.0000000e+00   0.0000000e+00   0.0000000e+00   6.3039449e+00   6.6133842e+00   6.8979856e+00   7.4173121e+00   8.1021708e+00   0.0000000e+00   0.0000000e+00   4.3752361e+00   4.0293497e+00   6.8377727e+00   7.6080287e+00   7.9884189e+00   8.2219662e+00   8.2674539e+00
   8.1556049e+00   0.0000000e+00   0.0000000e+00   0.0000000e+00   0.0000000e+00   6.3576243e+00   7.2334000e+00   7.2887963e+00   7.2528362e+00   7.1240966e+00   6.9764074e+00   6.8216170e+00   6.6894925e+00   6.6081142e+00   6.5577264e+00   6.5672519e+00   6.7041997e+00   7.0183346e+00   6.0362325e+00   0.0000000e+00   0.0000000e+00   4.1565522e+00   6.6958505e+00   6.2093176e+00   6.2335465e+00   6.7119389e+00   7.9391551e+00   5.5166026e+00   0.0000000e+00   5.1603774e+00   5.3947429e+00   6.8076062e+00   6.9283103e+00   7.0461895e+00   7.2378984e+00   7.5557493e+00
   7.8798001e+00   0.0000000e+00   0.0000000e+00   0.0000000e+00   0.0000000e+00   6.2534981e+00   7.4549360e+00   7.4017467e+00   7.4174900e+00   7.3947753e+00   7.3295041e+00   7.2025997e+00   7.0461202e+00   6.8807512e+00   6.7155271e+00   6.5457365e+00   6.4378657e+00   6.6865893e+00   6.4424326e+00   0.0000000e+00   0.0000000e+00   6.0324516e+00   7.0057861e+00   6.4062567e+00   6.1497716e+00   6.2598399e+00   7.3156685e+00   6.2515060e+00   0.0000000e+00   6.1792432e+00   7.1107044e+00   6.9606541e+00   6.6964307e+00   6.5246298e+00   6.5147923e+00   6.8459339e+00
   7.6364119e+00   6.5793909e+00   0.0000000e+00   0.0000000e+00   0.0000000e+00   6.7177348e+00   7.7660084e+00   7.6690671e+00   7.7722122e+00   7.7633365e+00   7.6927618e+00   7.5922995e+00   7.4869783e+00   7.3637011e+00   7.2261284e+00   7.0238251e+00   6.7776058e+00   6.7690094e+00   6.4373413e+00   0.0000000e+00   0.0000000e+00   7.4325432e+00   7.5167080e+00   7.1915578e+00   6.9182410e+00   6.7283067e+00   7.0503018e+00   6.8115769e+00   0.0000000e+00   7.5074601e+00   7.5046263e+00   7.3090630e+00   7.1281876e+00   7.0002798e+00   6.8891114e+00   6.9294935e+00
   8.1542462e+00   7.5576329e+00   7.6211095e+00   6.7263771e+00   0.0000000e+00   7.6569370e+00   7.9646103e+00   7.3895072e+00   8.1913353e+00   8.1617679e+00   8.1025600e+00   8.0414474e+00   7.9783154e+00   7.9485232e+00   7.9369465e+00   7.8532412e+00   7.6541493e+00   7.3687038e+00   6.2515685e+00   0.0000000e+00   0.0000000e+00   8.1438671e+00   8.2564722e+00   8.2512786e+00   8.1732312e+00   8.1892568e+00   8.0172221e+00   7.9855643e+00   7.7961929e+00   8.3545338e+00   8.1413197e+00   8.0803115e+00   8.1415834e+00   8.2238546e+00   8.2497665e+00   8.1759970e+00
   9.5574230e+00   9.0510504e+00   8.7702781e+00   8.3922393e+00   5.7815588e+00   8.2773993e+00   8.3011787e+00   6.6145565e+00   8.6314407e+00   8.6469412e+00   8.6335696e+00   8.6274802e+00   8.6289619e+00   8.6893249e+00   8.7699892e+00   8.8608430e+00   8.7937222e+00   8.3845099e+00   6.3208182e+00   0.0000000e+00   7.4353092e+00   8.7643458e+00   9.1611858e+00   9.3398590e+00   9.3305391e+00   9.7140059e+00   9.4287862e+00   8.9666306e+00   8.6419379e+00   8.7954852e+00   8.9993328e+00   9.2202033e+00   9.4304846e+00   9.6288734e+00   9.7918556e+00   9.8651635e+00
   1.0827592e+01   1.0394664e+01   9.9968916e+00   9.5394879e+00   8.6128017e+00   8.9813890e+00   8.1990900e+00   7.7041415e+00   9.1278089e+00   9.2472066e+00   9.3021548e+00   9.3769618e+00   9.4299522e+00   9.5252907e+00   9.6500053e+00   9.7935513e+00   9.8321229e+00   9.5335700e+00   7.2358318e+00   0.0000000e+00   8.3974998e+00   9.4397067e+00   9.9120885e+00   1.0222904e+01   1.0293263e+01   1.0624536e+01   1.0467941e+01   1.0205966e+01   9.8237620e+00   9.7854175e+00   9.9945811e+00   1.0296800e+01   1.0507729e+01   1.0872374e+01   1.1052829e+01   1.0996365e+01
   1.1163118e+01   1.1063342e+01   1.0838063e+01   1.0353123e+01   1.0127805e+01   9.8504876e+00   9.5489954e+00   9.2769158e+00   9.8013390e+00   9.9337626e+00   9.9547952e+00   1.0002173e+01   1.0094217e+01   1.0218318e+01   1.0332109e+01   1.0474282e+01   1.0518599e+01   1.0383932e+01   8.0934706e+00   0.0000000e+00   8.9715412e+00   9.7132319e+00   1.0284619e+01   1.0590726e+01   1.0728611e+01   1.0889225e+01   1.0958302e+01   1.1069516e+01   1.1013834e+01   1.0935435e+01   1.0939564e+01   1.1144385e+01   1.1020126e+01   1.1501741e+01   1.1648940e+01   1.1381115e+01
   1.0275421e+01   1.0474267e+01   1.0508837e+01   1.0379588e+01   1.0277320e+01   1.0398092e+01   1.0549061e+01   1.0204656e+01   1.0244378e+01   1.0221764e+01   1.0102919e+01   1.0119568e+01   1.0319104e+01   1.0428761e+01   1.0478987e+01   1.0614127e+01   1.0562086e+01   1.0510488e+01   9.4487915e+00   8.5093023e+00   9.4431343e+00   9.5019133e+00   9.6958598e+00   1.0094492e+01   1.0170795e+01   1.0115998e+01   1.0206902e+01   1.0320398e+01   1.0603056e+01   1.0680941e+01   1.0637918e+01   1.0716117e+01   1.0604821e+01   1.0574544e+01   1.0484249e+01   1.0350292e+01
   8.2306847e+00   8.4056740e+00   8.6193259e+00   8.9287583e+00   9.0730031e+00   9.4071358e+00   9.8053400e+00   9.8736347e+00   9.7851874e+00   9.7130306e+00   9.4896345e+00   9.5464364e+00   9.5939981e+00   9.6172848e+00   9.5905045e+00   9.5364752e+00   9.4566552e+00   9.4121082e+00   9.3787750e+00   8.7882819e+00   8.4887127e+00   8.5266834e+00   8.6393396e+00   8.7307821e+00   8.7712702e+00   8.7607396e+00   8.7692216e+00   8.8210705e+00   8.9277952e+00   8.8808699e+00   8.7754910e+00   8.7242334e+00   8.5819776e+00   8.4692765e+00   8.2914526e+00   8.1557414e+00
   7.7402371e+00   7.6319258e+00   7.5125350e+00   7.5488972e+00   7.6954369e+00   7.0418338e+00   7.3133082e+00   7.8090809e+00   7.9252689e+00   8.0483044e+00   8.0974274e+00   8.1205552e+00   8.0460919e+00   7.9204449e+00   7.8215140e+00   7.7564191e+00   7.7427680e+00   7.5594904e+00   7.0808143e+00   0.0000000e+00   6.5592573e+00   6.8016024e+00   6.8372341e+00   6.8668056e+00   7.0120140e+00   7.1920169e+00   7.2987471e+00   7.4241807e+00   7.2475341e+00   7.1590933e+00   7.2043063e+00   7.1021591e+00   8.2279901e+00   6.6372112e+00   7.3325052e+00   7.6052472e+00
   0.0000000e+00   0.0000000e+00   0.0000000e+00   0.0000000e+00   0.0000000e+00   0.0000000e+00   0.0000000e+00   6.8538623e+00   5.8595212e+00   5.6052645e+00   5.7809665e+00   0.0000000e+00   0.0000000e+00   0.0000000e+00   0.0000000e+00   0.0000000e+00   0.0000000e+00   0.0000000e+00   0.0000000e+00   0.0000000e+00   0.0000000e+00   0.0000000e+00   0.0000000e+00   0.0000000e+00   0.0000000e+00   0.0000000e+00   0.0000000e+00   0.0000000e+00   0.0000000e+00   0.0000000e+00   0.0000000e+00   0.0000000e+00   0.0000000e+00   0.0000000e+00   0.0000000e+00   0.0000000e+00
