   1.6384118e+00
   1.5538179e+00
   1.6653735e+00
   2.4708133e+00
   2.4504553e+00
   2.6364243e+00
   2.4387728e+00
   3.5710136e-01
  -9.7319250e-01
  -1.3538571e+00
  -1.9375423e+00
  -2.5838180e+00
  -3.2917805e+00
  -3.0757701e+00
  -2.1894674e+00
  -2.1132943e+00
  -1.8529891e+00
  -1.0210475e+00
  -1.0024069e+00
  -1.8400408e-01
   3.6544634e-01
  -8.7832158e-01
  -2.2146480e+00
  -3.2880983e+00
  -3.9219963e+00
  -3.4550550e+00
  -2.7123195e+00
  -2.0131970e+00
  -1.9654751e+00
  -2.0655515e+00
  -1.0719613e+00
   7.4524174e-01
   7.6752979e-02
  -2.4301725e+00
  -1.4548077e+00
   3.8460257e-01
  -3.7682191e+00
  -3.3833023e+00
  -3.7884014e+00
  -2.6544876e+00
  -9.8851497e-01
  -7.2523823e-01
  -5.4995859e-02
   1.0365240e+00
   1.8456404e+00
   2.1067539e+00
   2.0941771e+00
   1.9172640e+00
   1.5874970e+00
   1.1440567e+00
   8.9430053e-01
   4.6161477e-01
  -2.6395441e-01
  -7.4015723e-01
  -1.5171568e+00
  -1.6966709e+00
   6.3454047e-02
   2.9724825e-01
   5.9130228e-01
   2.2322302e-01
  -8.2221783e-01
  -1.8418971e+00
  -2.5016279e+00
  -2.8398982e+00
  -2.8188961e+00
  -3.4173839e+00
  -4.3272307e+00
  -3.2876486e+00
  -1.7045660e+00
  -2.5422499e+00
  -4.5458114e+00
  -4.7243352e+00
   1.0220989e+00
   1.4175860e+00
   1.9067607e+00
   2.2271399e+00
   2.8654337e+00
   3.7675800e+00
   4.3681578e+00
   4.4882753e+00
   4.3581955e+00
   4.1144599e+00
   3.8866635e+00
   3.9171389e+00
   3.8917834e+00
   3.9276006e+00
   4.0069365e+00
   3.9795861e+00
   3.8666087e+00
   3.6811638e+00
   3.4104130e+00
   2.2428360e+00
   1.9094262e+00
   2.5874580e+00
   2.9504427e+00
   3.0932250e+00
   3.1288754e+00
   3.1963848e+00
   3.2662578e+00
   3.2980878e+00
   3.3319018e+00
   3.0656211e+00
   2.5263574e+00
   1.8881745e+00
   2.0376455e+00
   2.3487929e+00
   1.9728683e+00
   1.1972720e+00
   5.4042029e+00
   5.6286550e+00
   5.5151681e+00
   5.3005769e+00
   5.4182266e+00
   5.4860334e+00
   5.4794731e+00
   5.1075977e+00
   4.9019551e+00
   4.4163060e+00
   4.1974959e+00
   4.2190852e+00
   4.5260955e+00
   4.7827198e+00
   5.0859293e+00
   5.4701776e+00
   5.6389540e+00
   5.7547550e+00
   5.3862838e+00
   4.8588169e+00
   4.6096349e+00
   4.6260481e+00
   4.9458462e+00
   5.2871054e+00
   5.4587621e+00
   5.7743505e+00
   5.9639841e+00
   6.1228644e+00
   6.4366701e+00
   6.4030868e+00
   6.3726387e+00
   6.4899610e+00
   6.1893511e+00
   6.1276393e+00
   5.9603925e+00
   5.5535068e+00
   7.2932804e+00
   7.0661332e+00
   6.7144836e+00
   6.0422934e+00
   5.8322555e+00
   5.2713445e+00
   4.9337860e+00
   4.3614501e+00
   4.4067245e+00
   4.2221772e+00
   4.0838170e+00
   4.1863996e+00
   4.4610983e+00
   4.8382730e+00
   5.1895772e+00
   5.7070748e+00
   6.0750860e+00
   6.1811589e+00
   4.9820649e+00
   4.5055644e+00
   5.0152005e+00
   5.4554063e+00
   5.9133202e+00
   6.2179289e+00
   6.4566062e+00
   7.0413304e+00
   7.0740588e+00
   7.2747190e+00
   7.2213520e+00
   7.1777892e+00
   7.2660670e+00
   7.6762689e+00
   7.3868573e+00
   7.7242152e+00
   7.9610014e+00
   7.6316226e+00
   7.6920333e+00
   6.9618716e+00
   6.2185495e+00
   5.4702884e+00
   4.5739747e+00
   3.9425906e+00
   3.4169894e+00
   3.1022231e+00
   3.4973265e+00
   3.5641646e+00
   3.5714118e+00
   3.7694822e+00
   4.0580859e+00
   4.3731650e+00
   4.7627499e+00
   5.2638397e+00
   5.6944112e+00
   5.6658202e+00
   4.0647760e+00
   3.8451504e+00
   3.7788560e+00
   4.9891831e+00
   5.6214809e+00
   6.0001810e+00
   6.2566626e+00
   7.0166423e+00
   6.9265877e+00
   6.6365823e+00
   5.9450645e+00
   5.7333111e+00
   6.0349734e+00
   6.7461181e+00
   6.9972969e+00
   7.4275736e+00
   7.8571843e+00
   7.9607912e+00
   6.5384681e+00
   5.2880097e+00
   4.2927708e+00
   3.5855697e+00
   2.2177043e+00
   2.3465294e+00
   2.5204337e+00
   2.2078662e+00
   2.6322630e+00
   2.7618958e+00
   2.8425077e+00
   2.9972524e+00
   3.2146960e+00
   3.4516693e+00
   3.8038372e+00
   4.2835543e+00
   4.6607028e+00
   4.4912004e+00
   2.7889658e+00
   2.2878881e+00
   2.0357212e+00
   3.3356750e+00
   4.2693526e+00
   4.7604885e+00
   5.2009910e+00
   6.1530751e+00
   5.8654240e+00
   4.7927580e+00
   3.3674345e+00
   3.1558737e+00
   3.8907169e+00
   4.7950385e+00
   5.5215488e+00
   6.0622550e+00
   6.5924854e+00
   6.9639572e+00
   4.0062441e+00
   2.4055790e+00
   1.3918451e+00
   1.3935010e+00
   1.0130200e+00
   9.1558836e-01
   1.2062108e+00
   1.6735538e+00
   1.7031676e+00
   1.6693253e+00
   1.7239317e+00
   1.8135228e+00
   1.9252385e+00
   2.1837201e+00
   2.5264984e+00
   2.8596583e+00
   3.0599278e+00
   2.7157335e+00
   1.9181649e+00
   7.0917537e-01
   2.2347987e-01
   1.2853394e+00
   2.3328499e+00
   2.9938745e+00
   3.5158360e+00
   4.1731511e+00
   3.7239480e+00
   2.1852222e+00
   1.4405308e+00
   9.3062566e-01
   1.5234289e+00
   2.2826459e+00
   3.1321817e+00
   3.8578564e+00
   4.4226553e+00
   4.6110233e+00
   1.0071860e+00
   4.6416601e-01
  -4.9002398e-01
  -4.8321239e-03
   2.0818752e-01
  -2.1264631e-02
  -8.7852922e-02
   2.2396892e-01
   1.9535793e-01
   1.3997331e-01
   2.1252445e-01
   2.6539353e-01
   4.1172574e-01
   7.0244627e-01
   9.8876946e-01
   1.0644259e+00
   9.4839127e-01
   5.3902509e-01
   1.0088461e+00
  -3.9935668e-01
  -7.8566335e-01
  -5.1536736e-01
   4.1689948e-01
   1.0554288e+00
   1.3756992e+00
   1.3782926e+00
   5.6825177e-01
  -4.0587823e-02
   2.7336054e-01
  -1.0634949e+00
  -1.1208877e+00
  -3.5585961e-01
   2.8464961e-01
   8.3176556e-01
   1.3086661e+00
   1.4007606e+00
  -1.6918821e+00
  -7.5587870e-01
  -1.4494434e+00
  -1.0539181e+00
  -7.9941472e-01
  -1.3816186e+00
  -1.8489693e+00
  -1.7492339e+00
  -1.7362544e+00
  -1.6703106e+00
  -1.5061192e+00
  -1.3280463e+00
  -1.0606235e+00
  -8.6833261e-01
  -8.6745885e-01
  -1.1228855e+00
  -1.5898208e+00
  -1.8160946e+00
   2.5460233e-01
  -5.7973378e-01
  -1.0449547e+00
  -1.5351576e+00
  -1.2077866e+00
  -9.7592467e-01
  -1.2361668e+00
  -1.7016889e+00
  -2.2662341e+00
  -9.2984139e-01
  -5.5360543e-02
  -1.9187081e+00
  -3.0914376e+00
  -2.6131275e+00
  -2.5253268e+00
  -2.3668853e+00
  -2.1878196e+00
  -2.0201116e+00
  -3.3544937e+00
  -1.0920999e+00
  -1.8984655e+00
  -1.7592238e+00
  -1.4484733e+00
  -2.8893951e+00
  -3.4434956e+00
  -3.4778601e+00
  -3.3521258e+00
  -3.1179017e+00
  -2.8390274e+00
  -2.6060320e+00
  -2.4585701e+00
  -2.5376980e+00
  -2.8149716e+00
  -3.3106722e+00
  -3.8459368e+00
  -3.6091070e+00
  -5.0629226e-01
  -1.8365628e-01
  -1.0765436e+00
  -1.6024942e+00
  -2.5530920e+00
  -3.0531965e+00
  -3.6694201e+00
  -4.0719792e+00
  -3.7478222e+00
  -8.5161130e-01
  -1.1320589e+00
  -2.1792115e+00
  -2.7765276e+00
  -4.1549301e+00
  -4.7578381e+00
  -5.0239017e+00
  -5.0014426e+00
  -4.6323926e+00
  -4.0995153e+00
  -6.6300736e-01
  -1.6469915e+00
  -2.1285241e+00
  -2.1331720e+00
  -4.1898400e+00
  -4.0209745e+00
  -4.4326856e+00
  -4.2620941e+00
  -4.0265532e+00
  -3.7687464e+00
  -3.6767479e+00
  -3.8051825e+00
  -4.2218102e+00
  -4.7127491e+00
  -5.1663977e+00
  -5.4769230e+00
  -4.7566052e+00
  -1.1148045e+00
  -6.1032413e-02
  -1.0656483e+00
  -1.2580794e+00
  -3.6011323e+00
  -4.9108704e+00
  -5.5145631e+00
  -5.5254813e+00
  -3.9795261e+00
  -4.5852656e-01
  -1.9076989e+00
  -2.1204741e+00
  -1.9313462e+00
  -5.0352844e+00
  -6.2722897e+00
  -6.7235588e+00
  -6.7456303e+00
  -6.1507114e+00
  -4.2346196e+00
  -5.2553105e-01
  -7.9698137e-01
  -1.8053152e+00
  -3.1053761e+00
  -4.7058705e+00
  -4.0133230e+00
  -4.2068659e+00
  -4.2722487e+00
  -4.1433285e+00
  -4.1004866e+00
  -4.3287952e+00
  -4.8582599e+00
  -5.5745786e+00
  -6.1646736e+00
  -6.4271240e+00
  -6.2343844e+00
  -5.2070561e+00
  -1.5673713e+00
  -9.8145177e-02
  -7.8261914e-01
  -1.4861413e+00
  -4.2254089e+00
  -6.1191208e+00
  -6.4960767e+00
  -5.8675368e+00
  -3.1946019e+00
  -1.4602068e-01
  -1.8450598e+00
  -1.8057736e+00
  -1.7072459e+00
  -5.3245662e+00
  -6.7611227e+00
  -7.2376906e+00
  -7.2980495e+00
  -6.6066085e+00
  -3.8002608e+00
  -8.0157788e-01
  -9.9841282e-02
  -1.2781731e+00
  -3.6532122e+00
  -3.9987408e+00
  -3.2938724e+00
  -3.4414443e+00
  -3.6194409e+00
  -3.7452669e+00
  -4.0345313e+00
  -4.6564568e+00
  -5.5504657e+00
  -6.4019358e+00
  -6.9411102e+00
  -6.9770374e+00
  -6.3599051e+00
  -4.7659549e+00
  -5.2744658e-01
  -1.5070621e-01
  -5.5347484e-01
  -1.5810836e+00
  -4.2803158e+00
  -6.3288295e+00
  -6.4643015e+00
  -5.3241909e+00
  -1.9111904e+00
   3.9609705e-01
  -1.4263647e+00
  -1.6146364e+00
  -1.7603482e+00
  -4.7938034e+00
  -6.1578741e+00
  -6.5538512e+00
  -6.6731592e+00
  -6.1031530e+00
  -2.6895167e+00
  -7.1858649e-01
   2.3446524e-03
  -8.9298421e-01
  -2.7268207e+00
  -2.5824715e+00
  -2.4470396e+00
  -2.6954480e+00
  -3.0533868e+00
  -3.5150394e+00
  -3.9981309e+00
  -4.7792387e+00
  -5.7570320e+00
  -6.5799951e+00
  -7.0354348e+00
  -6.8649859e+00
  -5.9387758e+00
  -3.3918326e+00
  -1.6008507e-02
  -2.1442859e-01
  -4.8759931e-01
  -1.3994001e+00
  -3.5140860e+00
  -5.5134639e+00
  -5.5927003e+00
  -4.1915613e+00
  -9.1829392e-01
   8.3658209e-01
  -9.0708685e-01
  -1.7701653e+00
  -2.6084728e+00
  -3.8154579e+00
  -4.5752897e+00
  -4.8024301e+00
  -4.8226947e+00
  -4.3764263e+00
  -7.7994779e-01
  -2.7497307e-01
  -2.0232981e-01
  -5.4479631e-01
  -8.4487368e-01
  -1.6712025e+00
  -2.1614579e+00
  -2.5289437e+00
  -3.0758045e+00
  -3.6578203e+00
  -4.1848344e+00
  -4.8005820e+00
  -5.5975469e+00
  -6.2766458e+00
  -6.6128910e+00
  -6.3325145e+00
  -5.2396652e+00
  -2.0090081e+00
  -2.7043258e-01
  -5.4272006e-01
  -6.5246161e-01
  -1.1157253e+00
  -2.4928804e+00
  -4.1167629e+00
  -4.0666511e+00
  -2.6762487e+00
  -1.8703391e-01
   9.5227717e-01
  -3.4039637e-01
  -2.0540241e+00
  -2.9377410e+00
  -2.3785362e+00
  -2.4757592e+00
  -2.3682086e+00
  -2.1805124e+00
  -1.8702941e+00
   3.4986555e-01
   1.7457611e-02
  -2.1542663e-01
  -1.9904353e-01
  -1.0181103e+00
  -1.9242666e+00
  -2.7500892e+00
  -3.3405907e+00
  -4.0258051e+00
  -4.6954784e+00
  -5.2078303e+00
  -5.5621806e+00
  -5.7618837e+00
  -5.8288763e+00
  -5.6750870e+00
  -5.1008266e+00
  -3.8471841e+00
  -4.5800671e-01
  -4.6756187e-01
  -8.3590326e-01
  -9.6158490e-01
  -9.4851989e-01
  -2.3964539e+00
  -2.6872548e+00
  -2.4804440e+00
  -1.2972069e+00
   2.8614279e-01
   7.1698521e-01
  -3.2291192e-02
  -2.1215443e+00
  -2.5751535e+00
  -1.0784362e+00
  -5.3957619e-01
   6.5528645e-02
   5.5011809e-01
   6.2611925e-01
   3.1662324e-01
   1.4526044e-01
  -9.6159447e-02
  -7.2470118e-01
  -2.3996122e+00
  -2.8598222e+00
  -3.5135333e+00
  -4.2500428e+00
  -4.9090037e+00
  -5.4220534e+00
  -5.8244493e+00
  -5.9796409e+00
  -5.9804559e+00
  -5.7610989e+00
  -5.2029181e+00
  -4.1328293e+00
  -2.3564794e+00
   9.8302995e-01
  -5.0813619e-01
  -1.0163529e+00
  -1.3654301e+00
  -2.1022476e+00
  -2.8684598e+00
  -1.6446651e+00
  -1.0158964e+00
  -2.4286867e-02
   8.7914789e-01
   6.5336435e-01
   1.5730727e-01
  -2.1898741e+00
  -2.2491255e+00
  -2.7026424e-01
   6.5470790e-01
   1.7422995e+00
   2.5930713e+00
   2.0384253e+00
   1.8794868e-01
   4.7014143e-02
  -4.8392300e-01
  -1.7500970e+00
  -2.8460796e+00
  -3.3093893e+00
  -3.9267932e+00
  -4.5469294e+00
  -5.0073866e+00
  -5.3942695e+00
  -5.6833287e+00
  -5.7697582e+00
  -5.6679754e+00
  -5.4336027e+00
  -4.8453823e+00
  -3.6349710e+00
  -1.8253678e+00
   7.1185785e-01
  -3.6641589e-01
  -9.7824235e-01
  -1.7078050e+00
  -3.9266431e+00
  -2.8278359e+00
  -8.7846305e-01
   3.8287329e-01
   1.5652697e+00
   1.7614209e+00
   7.6690634e-01
   4.5175823e-01
  -1.9261541e+00
  -1.9476636e+00
   2.0854478e-01
   1.1676880e+00
   2.5909889e+00
   3.3796865e+00
   2.0341139e+00
   3.1377413e-02
  -7.9869083e-02
  -9.3092374e-01
  -2.2864722e+00
  -3.1617313e+00
  -3.6488872e+00
  -4.2272100e+00
  -4.6088478e+00
  -4.8888900e+00
  -5.1007090e+00
  -5.2667581e+00
  -5.2316853e+00
  -4.9846670e+00
  -4.5494107e+00
  -3.9566336e+00
  -3.1202010e+00
  -2.2274677e+00
  -6.9835183e-01
  -3.7567578e-01
  -1.2892994e+00
  -2.7112760e+00
  -4.9035387e+00
  -3.0815172e+00
  -5.8508991e-01
   1.5633604e+00
   1.8004809e+00
   1.5475982e+00
   5.5201637e-01
   3.1260241e-01
  -1.3116528e+00
  -1.3933449e+00
   3.9645386e-01
   1.3955923e+00
   2.9472859e+00
   3.1874154e+00
   1.5618422e+00
  -7.0036084e-02
  -5.6654963e-01
  -1.0100842e+00
  -2.8333099e+00
  -3.6699313e+00
  -4.2570466e+00
  -4.7623348e+00
  -4.9810022e+00
  -5.0290485e+00
  -5.0548315e+00
  -5.0159635e+00
  -4.7963376e+00
  -4.3223845e+00
  -3.7127501e+00
  -3.2687812e+00
  -3.1512908e+00
  -3.1720672e+00
  -2.3076613e+00
  -7.8739848e-01
  -2.5987689e+00
  -5.4203510e+00
  -5.8949646e+00
  -4.0084227e+00
  -1.0331470e+00
   1.6166242e+00
   3.2644915e-01
   3.3798257e-01
   2.7162121e-01
  -5.7435439e-02
  -5.1689646e-01
  -1.1019317e+00
   4.1101292e-01
   1.6789581e+00
   2.7464286e+00
   1.9647129e+00
   1.3819031e+00
  -1.2568432e-01
  -1.1911545e+00
  -1.6246529e+00
  -3.4441909e+00
  -4.3553878e+00
  -5.1185175e+00
  -5.5858183e+00
  -5.8313216e+00
  -5.9149200e+00
  -5.9977911e+00
  -6.0867162e+00
  -5.8907472e+00
  -5.2338875e+00
  -4.1818296e+00
  -3.2494838e+00
  -3.1084412e+00
  -2.9413450e+00
  -4.0281541e+00
  -4.6932050e+00
  -6.0269706e+00
  -7.3716247e+00
  -6.9990040e+00
  -5.5015037e+00
  -2.3401447e+00
   6.4538028e-01
  -4.5309785e-01
  -6.1925126e-01
  -4.5576767e-01
  -7.2320550e-01
  -3.4318816e-01
  -1.8037688e+00
   4.6372401e-02
   2.1353021e+00
   2.2306119e+00
   9.6551262e-01
   1.0087603e+00
  -3.5095060e-01
  -1.7940934e+00
  -2.5338975e+00
  -4.0295961e+00
  -4.9682086e+00
  -5.8190349e+00
  -6.3738887e+00
  -6.6574067e+00
  -6.7869073e+00
  -6.9060141e+00
  -7.1332230e+00
  -7.0192120e+00
  -6.4204095e+00
  -4.9887027e+00
  -3.2118608e+00
  -2.4118127e+00
  -2.1363292e+00
  -4.7828569e+00
  -8.8997628e+00
  -8.1631833e+00
  -8.1328133e+00
  -7.6995869e+00
  -6.5735898e+00
  -3.7523335e+00
  -4.2320725e-01
  -1.4755614e+00
  -1.9229357e+00
  -2.1503695e+00
  -1.8501428e+00
  -5.3663091e-01
  -1.1539071e+00
   1.7050760e-01
   2.6164857e+00
   1.9345494e+00
   7.1535207e-01
   6.4320070e-01
  -6.3712880e-01
  -2.5245103e+00
  -3.3380712e+00
  -4.2085980e+00
  -5.0997849e+00
  -6.0137674e+00
  -6.6001979e+00
  -6.8906360e+00
  -6.9247699e+00
  -6.8085270e+00
  -7.0018569e+00
  -7.2440145e+00
  -6.8061549e+00
  -5.2190629e+00
  -2.5501689e+00
  -7.0608926e-01
  -1.7171740e+00
  -5.3092782e+00
  -6.3084656e+00
  -7.1649280e+00
  -7.8545377e+00
  -7.7206969e+00
  -6.9823174e+00
  -4.7930716e+00
  -1.6837999e+00
  -2.4016634e+00
  -2.7360641e+00
  -2.9409163e+00
  -2.5718653e+00
  -8.4167441e-01
  -6.5321937e-01
   3.5521502e-01
   2.7541129e+00
   1.6333663e+00
   4.7519881e-01
   3.8962815e-01
  -4.4563699e-01
  -2.2009029e+00
  -3.5556092e+00
  -3.8186558e+00
  -4.4812229e+00
  -5.3261876e+00
  -5.9799523e+00
  -6.2238667e+00
  -6.2203869e+00
  -6.0584715e+00
  -6.1922339e+00
  -6.6478234e+00
  -6.2606860e+00
  -4.5150471e+00
  -9.5019150e-01
   4.7680505e-02
  -2.2669682e+00
  -3.7702615e+00
  -4.4625796e+00
  -6.1994373e+00
  -6.9372042e+00
  -7.0337852e+00
  -6.6184603e+00
  -5.2374633e+00
  -2.4770584e+00
  -2.4272305e+00
  -2.4320800e+00
  -2.7131752e+00
  -1.8487327e+00
  -5.1327214e-01
  -7.5404238e-01
   7.2983300e-02
   2.5017085e+00
   1.6577063e+00
   2.0085738e-01
   4.5141488e-01
  -1.7223094e-01
  -1.0742651e+00
  -2.3190898e+00
  -2.6542356e+00
  -2.9840155e+00
  -3.6596408e+00
  -4.2768819e+00
  -4.5621219e+00
  -4.6116091e+00
  -4.7124756e+00
  -4.9367874e+00
  -5.2334405e+00
  -4.8416337e+00
  -2.8407898e+00
   8.3017587e-01
   4.0552350e-02
  -3.1044611e+00
  -2.9874476e+00
  -3.6655844e+00
  -4.3413788e+00
  -4.9181003e+00
  -5.4083412e+00
  -5.4129693e+00
  -4.8605167e+00
  -2.3383218e+00
  -1.7459375e+00
  -1.7195922e+00
  -1.9520166e+00
  -8.4340189e-01
  -7.0016049e-02
  -4.9576841e-01
   2.5360970e-01
   1.8987733e+00
   1.6625090e+00
   4.8084751e-02
   4.5154381e-01
  -5.3976420e-01
  -9.1064496e-01
  -9.2330651e-01
  -8.9739917e-01
  -8.7347701e-01
  -1.3607205e+00
  -1.8847817e+00
  -2.2466709e+00
  -2.4395820e+00
  -2.5821192e+00
  -2.9369911e+00
  -3.2214283e+00
  -2.8886955e+00
  -6.1294471e-01
   1.7188438e+00
  -1.2863965e-01
  -1.7850967e+00
  -1.0490912e+00
  -1.0089915e+00
  -9.6419521e-01
  -1.8367344e+00
  -2.9390124e+00
  -3.5122237e+00
  -3.4978597e+00
  -1.8928412e+00
  -7.3001574e-01
  -1.2388501e+00
  -7.4423539e-01
  -5.9704926e-02
   2.2456425e-01
   2.9634468e-01
  -6.3027482e-03
   1.2582401e+00
   1.1202886e+00
   1.4005893e+00
   1.4480203e+00
  -4.6952614e-01
  -5.4406611e-01
  -3.5389020e-02
   5.4321754e-01
   1.1302538e+00
   8.4581616e-01
   4.8559519e-01
   2.2691393e-01
   9.4327761e-02
  -1.6322677e-01
  -4.2726181e-01
  -7.6237903e-01
  -6.1492085e-01
   1.5636187e+00
   1.7586310e+00
   3.5067174e-01
  -6.5256273e-01
   1.0741990e-01
   1.7553203e+00
   2.6332877e+00
   1.6160299e+00
   1.3143979e-01
  -1.0098802e+00
  -1.4748670e+00
  -1.0477980e+00
   3.3279965e-01
  -8.8817014e-02
   5.0299749e-01
   1.5569839e+00
   1.5217854e+00
   5.0547019e-01
  -4.0186543e-02
   7.8527114e-01
   3.4650789e-01
   3.5583874e+00
   3.2828065e+00
   3.0836223e-02
   1.9061478e-01
   4.4955742e-01
   1.2426120e+00
   1.9823479e+00
   1.9445690e+00
   1.9985892e+00
   2.0441332e+00
   2.0583897e+00
   1.9458594e+00
   1.7330258e+00
   1.4702119e+00
   1.3745301e+00
   2.2390740e+00
   1.1592325e+00
   8.4907150e-01
  -3.9918175e-01
   7.4575084e-01
   2.9421660e+00
   4.9333164e+00
   4.3587316e+00
   2.8190058e+00
   1.4803211e+00
   5.3961831e-01
   3.8152993e-01
   8.8060446e-01
   1.0152360e+00
   1.5579169e+00
   2.2318634e+00
   1.5030833e+00
   3.1552328e-01
  -7.1444837e-02
   2.2325093e-01
   1.3178120e+00
   2.5967488e+00
   2.1007756e+00
   1.2257376e+00
   1.0874288e+00
   7.9697319e-01
   1.9213096e+00
   2.0326326e+00
   2.3037714e+00
   2.8550103e+00
   3.1892085e+00
   3.3957949e+00
   3.4479930e+00
   3.3087421e+00
   3.0689938e+00
   2.6081782e+00
   1.5863107e+00
   1.2412529e+00
   8.8476714e-01
  -1.4852146e-01
   3.6409163e-01
   1.9876535e+00
   3.6304849e+00
   4.7344893e+00
   4.0707735e+00
   3.5840350e+00
   2.5276623e+00
   1.6125850e+00
   9.9412084e-01
   1.4862971e+00
   1.6005730e+00
   7.2997635e-01
   5.6006089e-01
   2.8779730e-01
  -7.8554584e-01
   4.4422749e-02
   9.8336582e-01
  -2.0794282e-02
   1.3301597e+00
   2.1108024e+00
   1.8339769e+00
   1.2413724e+00
   1.5070296e+00
   2.0500709e+00
   2.7530123e+00
   3.2705563e+00
   3.6654478e+00
   3.9814977e+00
   4.0890230e+00
   4.0258399e+00
   3.6752849e+00
   2.8838134e+00
   9.8087302e-01
   7.8290682e-01
   2.6351186e-01
  -1.7775334e-01
  -7.0934964e-01
   1.3255354e+00
   2.1228091e+00
   2.3716648e+00
   3.9009479e+00
   4.6994978e+00
   3.9533247e+00
   2.6796901e+00
   1.8994469e+00
   1.2315283e+00
   6.5084080e-01
   2.8966923e-01
   5.0916236e-01
  -6.9134848e-02
  -5.6597825e-01
  -2.8765353e-01
   5.3863059e-01
   8.5227461e-01
   1.4405549e+00
   2.0303500e+00
   1.5861872e+00
   1.1965129e+00
   1.0853038e+00
   1.8424810e+00
   2.1906218e+00
   2.4339396e+00
   2.8938677e+00
   3.2080128e+00
   3.3206621e+00
   3.2861840e+00
   2.9833016e+00
   1.4913532e+00
  -1.8681099e+00
  -1.0591188e+00
  -4.3094301e-01
  -7.3695413e-01
  -3.5560180e-01
   1.8255954e+00
   9.8291244e-01
   1.0361857e+00
   3.6169353e+00
   4.6900708e+00
   4.5242919e+00
   3.4145873e+00
   1.4177902e+00
   9.9111332e-01
   5.8022857e-01
   3.0890614e-01
  -1.0972665e-02
  -2.4608854e-01
   3.3539871e-02
   1.3072332e-01
   4.8199918e-01
   1.0390978e+00
   2.5131699e+00
   1.2943802e+00
   1.3306961e+00
   7.1647639e-01
   8.4221126e-01
   1.0707187e+00
   1.5588466e-01
   1.3510999e-01
   4.1817883e-01
   6.5081230e-01
   6.3528806e-01
   7.1748413e-01
   7.1041504e-01
  -1.8239766e+00
  -2.2338287e+00
   1.4410807e+00
   6.7435316e-01
  -1.0073545e-01
   1.3093660e+00
   2.6124443e+00
   2.8973243e+00
   3.3214373e+00
   2.7354512e+00
   3.4566655e+00
   3.6923064e+00
   2.4498264e+00
   9.6616881e-02
  -2.8667926e-01
  -8.1902482e-01
  -1.5593609e-01
  -2.3298151e-02
   2.2251504e-01
   4.0401639e-01
   6.9999882e-01
   8.7003122e-01
   1.1207372e+00
   1.8023339e+00
   9.5885614e-01
   1.2944252e+00
   1.1810890e+00
   4.5862524e-01
  -1.2368315e+00
  -1.3575923e+00
  -1.2886548e+00
  -2.0081040e+00
  -1.6060715e+00
  -1.1609554e+00
  -1.7789226e+00
  -2.2909866e+00
  -1.7014120e+00
   8.9903002e-01
   2.6409851e+00
   2.8256487e+00
   2.3471696e+00
   2.2664621e+00
   3.7439695e+00
   4.7954531e+00
   3.5275397e+00
  -2.1743098e-01
  -1.2710239e-01
   3.3884037e-01
  -2.4673154e-01
  -1.6640547e-01
  -1.5288783e+00
  -7.1957867e-01
  -5.0783044e-01
   1.1194895e-01
   4.0701895e-01
   4.5445481e-01
   5.7605002e-01
   6.1544964e-01
   5.9286148e-01
   7.2059388e-01
   2.5026876e-01
   4.0491581e-01
  -1.7427109e-01
  -5.2234085e-01
  -1.5200685e-01
  -3.6584956e-01
  -8.6096052e-01
  -9.5481151e-01
  -1.0106870e+00
  -1.5552231e+00
  -1.7602781e+00
  -6.7144073e-01
  -7.8531397e-02
   8.5761039e-01
   2.5998595e+00
   4.2837802e+00
   2.9625542e+00
   2.9115660e+00
   3.5046395e+00
   3.0802319e+00
  -2.9559094e-01
  -1.8292841e+00
  -2.0832444e+00
  -3.2017047e+00
  -1.9625469e+00
  -1.1660772e+00
  -1.4311316e-01
   6.3255467e-01
   1.6939305e+00
   1.9400229e+00
   4.0531776e-01
  -2.2307801e-01
   1.5046668e-01
   1.2437772e-01
  -1.8538809e-01
  -8.0311592e-02
  -6.7322141e-02
  -2.2157551e-01
  -4.8422812e-01
  -4.9469999e-01
  -5.7252716e-01
  -7.3351962e-01
  -8.6452389e-01
  -8.0263044e-01
  -9.3204800e-01
  -1.1783833e+00
  -1.0430294e+00
  -7.7222391e-01
  -4.4781473e-01
  -3.7629228e-01
   2.7659824e-01
   8.5785260e-01
   1.1854621e+00
   1.9498254e+00
   2.3425331e+00
   9.0781931e-01
  -8.7620387e-01
  -1.7121690e-01
   1.9289363e+00
   2.6092279e+00
   9.0835199e-01
   7.4915990e-02
  -1.5088980e-01
  -8.5243754e-01
  -5.7292203e-01
   1.4702803e-02
   3.3341267e-01
   8.4097661e-01
   5.1169837e-01
  -9.0263958e-02
  -5.0216831e-01
  -3.3910686e-01
