   1.7712315e+00
   2.0687487e+00
   1.9075720e+00
   2.7061565e+00
   3.5127947e+00
   3.7512379e+00
   5.0243153e+00
   4.9283512e+00
   2.8702378e+00
   1.7834923e+00
   5.7658914e-01
  -4.8829260e-01
  -9.5258559e-01
  -8.5355051e-02
   1.4999559e+00
   1.7389278e+00
   1.5922330e+00
   2.6583711e+00
   2.1825519e+00
   1.8239646e+00
   4.2938583e+00
   4.2708887e+00
   2.1957949e+00
   4.3455912e-02
  -7.3863333e-01
  -9.7305302e-01
  -1.1671008e+00
  -4.4154223e-01
   4.0092080e-01
   7.5262115e-01
   1.0883887e+00
   2.0785877e+00
   3.1054104e+00
   7.3248647e-01
  -5.2834718e-01
   2.9682322e-01
   3.6448223e+00
   4.0185771e+00
   2.7755651e+00
   3.3333376e+00
   4.4300384e+00
   2.7511184e+00
   2.3109863e+00
   1.6382492e+00
   4.6417470e-01
  -2.7589306e-01
  -4.7166580e-01
  -4.0286887e-01
  -2.0748631e-01
   2.7014109e-01
   6.8951478e-01
   6.6166529e-01
   5.8992748e-01
   3.2604118e-01
  -7.6523030e-01
   3.4275323e-02
   3.1295418e+00
   2.0794627e+00
   1.5067177e+00
   1.0219688e+00
   7.7548743e-01
   1.0245045e+00
   1.2271654e+00
   1.6663256e+00
   1.3855210e+00
   7.7047008e-01
   6.2748825e-01
   2.8312131e+00
   5.5816426e+00
   2.4217341e+00
   1.0798013e+00
   2.1741728e+00
   1.0826388e-01
  -1.7812417e-01
  -7.6712662e-01
  -1.1082544e+00
  -1.2702695e+00
  -1.0105921e+00
  -7.1579006e-01
  -7.6724406e-01
  -8.0532981e-01
  -7.3873709e-01
  -7.0666346e-01
  -4.9148421e-01
  -2.2288890e-01
   3.7849691e-02
   2.6608368e-01
   2.9974346e-01
   5.6862628e-02
  -3.0841249e-01
  -7.8277589e-01
  -5.0734755e-01
   4.2694364e-01
   4.6572668e-01
   5.1673950e-01
   4.9468443e-01
   3.2875925e-01
   5.9584882e-02
  -1.1215860e-01
  -4.1901366e-01
  -5.0809753e-01
  -5.8646867e-01
  -5.6375365e-01
   2.1402083e-01
   8.5026975e-01
   7.1213789e-01
   3.5169314e-01
   1.4967719e-01
  -1.3222032e+00
  -1.7966737e+00
  -2.1965729e+00
  -2.5589051e+00
  -2.1810505e+00
  -1.5567412e+00
  -1.2079857e+00
  -1.0885751e+00
  -6.9216052e-01
  -5.0653583e-01
  -4.9202252e-01
  -3.7411020e-01
  -2.6058374e-01
  -1.8070185e-01
  -2.3675683e-01
  -3.4462866e-01
  -5.7617419e-01
  -1.0378285e+00
  -2.2139197e+00
  -5.8157656e-01
  -4.6796493e-01
  -4.6186046e-01
  -1.8611693e-01
  -2.3258553e-01
  -6.2112387e-01
  -8.4341015e-01
  -1.0248377e+00
  -1.2662710e+00
  -1.3435499e+00
  -1.4502500e+00
  -1.3149784e+00
  -6.9770485e-01
  -4.2351921e-01
  -1.9091125e-01
  -1.7996603e-01
  -6.1480033e-01
  -1.5564606e+00
  -1.8702433e+00
  -2.3328450e+00
  -2.3292603e+00
  -1.7496015e+00
  -1.2780539e+00
  -1.0333138e+00
  -5.8433037e-01
  -2.2181859e-01
  -3.3060927e-01
  -3.6171093e-01
  -3.8487494e-01
  -4.0154725e-01
  -5.6269680e-01
  -6.7358784e-01
  -7.9355164e-01
  -9.6590813e-01
  -1.3721960e+00
  -2.6542562e+00
  -7.3365107e-01
  -1.1715349e+00
  -7.8230009e-01
  -5.9785407e-01
  -8.6562595e-01
  -1.3140204e+00
  -1.2076758e+00
  -1.2875028e+00
  -1.4201770e+00
  -1.7045968e+00
  -1.8850774e+00
  -1.6737317e+00
  -1.0977660e+00
  -8.5161738e-01
  -6.1623217e-01
  -5.6913765e-01
  -1.1049619e+00
  -1.0772666e+00
  -1.5315197e+00
  -1.8147445e+00
  -1.6022164e+00
  -1.1478698e+00
  -5.9521065e-01
  -5.9686879e-01
  -3.5309111e-01
  -1.0060532e-02
  -1.2182290e-01
  -2.5599315e-01
  -4.3456175e-01
  -6.2539366e-01
  -7.6020372e-01
  -8.8514353e-01
  -9.5295883e-01
  -1.0362109e+00
  -1.0716307e+00
  -1.8920144e+00
  -6.9559411e-01
  -1.2283953e+00
  -9.8318003e-01
  -8.7047356e-01
  -1.1033627e+00
  -1.4874933e+00
  -9.1562354e-01
  -9.8856529e-01
  -1.0789725e+00
  -1.2939898e+00
  -1.4880692e+00
  -1.2923959e+00
  -6.9122354e-01
  -5.2145493e-01
  -5.1932803e-01
  -7.6036925e-01
  -9.4251513e-01
  -4.4073811e-01
  -4.7017840e-01
  -9.6492681e-01
  -4.1206698e-01
  -4.3054282e-01
  -2.1809730e-01
   1.0345016e-01
  -2.8238032e-01
   5.3729317e-02
  -4.0651293e-02
  -2.0717837e-01
  -4.2534575e-01
  -5.6518645e-01
  -6.8573704e-01
  -8.0959816e-01
  -9.0961142e-01
  -8.5138564e-01
  -2.8672284e-01
  -4.7240523e-02
  -1.4901750e-01
  -1.0134628e+00
  -9.8818552e-01
  -8.7423737e-01
  -1.2242502e+00
  -1.2487299e+00
  -6.0244256e-01
  -1.9080518e-01
   4.0683994e-01
   3.0249461e-01
  -6.0426805e-01
  -6.0816190e-01
  -3.9113145e-01
  -3.6111602e-01
  -3.2538732e-01
  -3.4602073e-01
  -3.5026909e-01
   1.0047623e+00
   1.2530119e+00
   2.2287712e-01
   6.5178165e-01
  -4.8837391e-02
   5.4721045e-02
   4.5265966e-01
   2.4306312e-01
   8.5754246e-02
   5.1533009e-02
  -4.3251171e-02
  -2.0440931e-01
  -3.1911100e-01
  -4.9520252e-01
  -6.9920938e-01
  -7.9765296e-01
  -4.5921865e-01
   8.9435079e-01
   1.9144248e+00
   1.5197410e-02
  -7.8566075e-01
  -1.0771000e+00
  -9.0658266e-01
  -1.0656996e+00
  -7.2159427e-01
  -6.4334474e-02
   9.1809463e-01
   1.8564214e+00
   8.0110695e-01
  -7.1111688e-01
  -5.9914519e-01
  -4.5689582e-01
  -2.6562451e-01
  -1.4551818e-01
   9.8070777e-02
   2.9283942e-01
   2.9844950e+00
   2.4792576e+00
   8.3798812e-01
   9.4907218e-01
   4.2269639e-01
   6.7970496e-02
   6.5363088e-01
   6.8183753e-01
   3.7341784e-01
   3.7427167e-01
   2.8902839e-01
   1.7217227e-01
  -3.8948494e-02
  -3.7255648e-01
  -6.3968835e-01
  -5.9352821e-01
   7.3775069e-02
   2.0240898e+00
   3.5116422e+00
  -4.7478386e-02
  -3.4571708e-01
  -1.0811607e+00
  -9.9914807e-01
  -8.4490529e-01
  -3.0320290e-01
   6.9144451e-01
   2.5407260e+00
   3.3870077e+00
   1.5446301e-01
  -5.7175483e-01
  -2.9164747e-01
  -3.6489144e-01
  -2.3768312e-02
   3.2870889e-01
   7.4715724e-01
   1.3753997e+00
   4.6447147e+00
   3.1947948e+00
   1.0044172e+00
   1.1616424e+00
   6.3759218e-01
   4.1422516e-01
   1.1092942e+00
   1.0788104e+00
   9.4462799e-01
   9.1386501e-01
   7.5002574e-01
   4.7909944e-01
   4.3705539e-02
  -4.0704445e-01
  -5.8507074e-01
  -2.9934759e-01
   7.3568436e-01
   2.9811424e+00
   4.4495692e+00
  -1.7241784e-01
  -3.0382608e-01
  -8.5307227e-01
  -1.2423792e+00
  -6.3561434e-01
   2.3870700e-01
   1.7002756e+00
   4.1938063e+00
   3.8456723e+00
  -5.7436158e-01
   3.8758052e-02
   6.3257815e-02
  -1.8115036e-01
   4.5509735e-01
   1.0028446e+00
   1.6670947e+00
   2.6451162e+00
   5.5306422e+00
   3.1683591e+00
   9.9257597e-01
   1.2767965e+00
   6.3400384e-01
   1.2597041e+00
   1.7275599e+00
   1.5550359e+00
   1.4040719e+00
   1.2259131e+00
   9.4566189e-01
   5.2929909e-01
  -2.6835998e-02
  -4.3428737e-01
  -3.9878939e-01
   1.4917405e-01
   1.3584584e+00
   3.7988162e+00
   4.4115892e+00
  -3.6629131e-01
  -4.1740766e-01
  -3.9486822e-01
  -1.3473081e+00
  -3.3574292e-01
   8.3325000e-01
   2.6183876e+00
   5.4254958e+00
   3.2089820e+00
  -6.4435990e-01
   8.1748751e-01
   3.7215231e-01
   1.3349567e-01
   1.0684069e+00
   1.8133995e+00
   2.5579095e+00
   3.5846687e+00
   5.5096381e+00
   2.7283031e+00
   6.7136936e-01
   1.0734197e+00
   4.7426466e-01
   2.1322704e+00
   2.0189225e+00
   1.8736826e+00
   1.5496034e+00
   1.2805894e+00
   9.0168832e-01
   4.1299749e-01
  -8.6950526e-02
  -3.0626769e-01
  -1.0534607e-02
   7.1742630e-01
   2.1043991e+00
   4.2891159e+00
   4.3865294e+00
  -3.9175715e-01
  -4.4530403e-01
  -2.3750336e-01
  -7.6316421e-01
   2.2683770e-01
   1.5760873e+00
   3.4580612e+00
   6.0241013e+00
   2.0842427e+00
  -2.5749891e-01
   1.0605069e+00
   5.5833430e-01
   9.7068173e-01
   1.7578342e+00
   2.4865030e+00
   3.2377527e+00
   4.1912088e+00
   4.7905931e+00
   2.4681781e+00
   3.4254410e-01
   5.3215709e-01
   6.8092709e-01
   2.5977400e+00
   2.0312301e+00
   1.7281976e+00
   1.3420613e+00
   1.0296044e+00
   6.8378269e-01
   2.2316956e-01
  -6.1068590e-02
   3.8596250e-02
   5.5240530e-01
   1.4449374e+00
   2.8434774e+00
   4.5564888e+00
   3.7559910e+00
  -7.5164838e-01
  -6.3327060e-01
  -1.4021831e-01
   1.9022929e-01
   1.0944432e+00
   2.4583145e+00
   4.0959894e+00
   5.8760493e+00
   1.0777484e+00
  -1.5551356e-01
   1.0097239e+00
   6.4161191e-01
   1.9314720e+00
   2.3408512e+00
   3.0840956e+00
   3.8202341e+00
   4.4119744e+00
   3.8705245e+00
   2.1369316e+00
   1.9642384e-01
   1.2981538e-01
   1.3474125e+00
   2.3028717e+00
   1.5589448e+00
   1.1265288e+00
   7.0289692e-01
   4.5958589e-01
   2.4844680e-01
   2.0565461e-02
   4.9137683e-02
   4.4797690e-01
   1.2186490e+00
   2.2098968e+00
   3.4730511e+00
   5.0400730e+00
   1.8451714e+00
  -6.0906153e-01
  -5.4681094e-01
   6.7769790e-02
   1.0821854e+00
   1.9180568e+00
   3.0890927e+00
   4.4093649e+00
   5.0881601e+00
   5.4652136e-01
  -2.9107897e-02
   5.9861911e-01
   6.1450655e-01
   2.6489471e+00
   2.6378755e+00
   3.2998388e+00
   3.9543456e+00
   4.0753874e+00
   2.7221280e+00
   1.5630087e+00
   2.5945563e-01
   1.5729250e-01
   1.3887900e+00
   1.3147585e+00
   6.8330866e-01
   1.1209185e-01
  -2.6615047e-01
  -3.0357339e-01
  -2.9222217e-01
  -2.5280884e-01
   2.6793397e-02
   6.4225622e-01
   1.5883450e+00
   2.6920757e+00
   3.8244989e+00
   5.1746071e+00
   4.7227163e-01
  -3.4361342e-01
  -2.9632065e-01
   2.6191575e-01
   1.6624590e+00
   2.4681110e+00
   3.4184826e+00
   4.3726770e+00
   4.1904379e+00
   6.4201146e-01
   1.6513936e-01
   4.5976717e-01
   1.1217176e+00
   2.9029239e+00
   2.5877340e+00
   3.0758470e+00
   3.4357638e+00
   3.0942653e+00
   1.1979595e+00
   5.9851360e-01
   3.0452676e-01
   2.7515114e-01
   5.9838754e-01
   3.7535375e-01
  -4.3225782e-01
  -1.1553161e+00
  -1.4421690e+00
  -1.4631657e+00
  -1.3222931e+00
  -1.0284028e+00
  -4.1965320e-01
   4.4715722e-01
   1.4781068e+00
   2.5476562e+00
   3.5961528e+00
   4.4532511e+00
   8.8462058e-03
  -2.2666019e-01
  -2.6555941e-01
   1.8918493e-01
   1.6556174e+00
   2.5442225e+00
   3.4428292e+00
   4.0402528e+00
   3.2649477e+00
   6.6843403e-01
   2.2127621e-01
   6.7187947e-01
   1.6055947e+00
   2.5861029e+00
   2.2330576e+00
   2.4581703e+00
   2.5518370e+00
   1.7681857e+00
   1.5056303e-01
   1.6700713e-01
   3.0887693e-01
   2.1167822e-01
   1.0753983e-01
  -1.0598140e-01
  -1.1725203e+00
  -1.8517529e+00
  -2.1106094e+00
  -2.1298338e+00
  -2.0237745e+00
  -1.7800116e+00
  -1.2967462e+00
  -4.9212982e-01
   4.8053792e-01
   1.5824940e+00
   2.6621718e+00
   3.2953800e+00
  -6.9305621e-03
  -1.2505062e-01
  -3.2303743e-01
  -2.9010513e-01
   1.3365567e+00
   2.0629625e+00
   2.9644843e+00
   3.3294648e+00
   2.2831515e+00
   4.5396661e-01
   2.1963264e-01
   1.2158284e+00
   1.9993078e+00
   1.8770750e+00
   1.5549012e+00
   1.7047073e+00
   1.6648254e+00
   6.1061440e-01
  -1.0477335e-01
   1.5345587e-02
   2.1968107e-02
  -2.5169481e-01
  -3.6125738e-02
  -7.8466780e-02
  -7.9364481e-01
  -1.0934990e+00
  -1.1869141e+00
  -1.1308846e+00
  -9.9190072e-01
  -7.5257794e-01
  -4.6835401e-01
  -1.1482575e-01
   3.9104387e-01
   9.9195863e-01
   1.7482365e+00
   2.0816056e+00
   1.3450526e-01
  -1.7649700e-01
  -8.0038196e-01
  -1.0927148e+00
   7.7067514e-01
   1.2291738e+00
   2.2105571e+00
   2.5044136e+00
   1.5498237e+00
   3.7706262e-01
   3.5619853e-01
   1.5264103e+00
   2.4505762e+00
   1.2636365e+00
   6.9378099e-01
   8.0538712e-01
   1.0149567e+00
   8.3169403e-02
  -1.2921587e-01
  -1.4471615e-01
  -2.8446732e-01
  -1.2952198e-01
   3.5380009e-01
   3.3433563e-01
   1.1722861e-01
   1.8385466e-01
   3.5384418e-01
   5.4345467e-01
   7.4249722e-01
   9.6605892e-01
   1.3139777e+00
   1.7704852e+00
   2.1690572e+00
   2.4468033e+00
   2.0779655e+00
   1.0314182e+00
   2.0546543e-02
  -4.0837444e-01
  -1.4456855e+00
  -1.7244302e+00
  -8.2733372e-02
   1.4702694e-01
   1.1948603e+00
   1.6676001e+00
   1.3272303e+00
   3.9900105e-01
   4.4026937e-01
   1.1303339e+00
   2.7428168e+00
   7.8246576e-01
  -8.1844356e-02
  -9.7136000e-02
   6.1035261e-01
   5.3074173e-02
  -2.2744879e-01
  -3.0242248e-01
  -4.1183088e-01
  -2.0197894e-02
   2.2658941e-01
   2.4418483e-01
   1.6991306e-01
   3.2313998e-01
   6.4899950e-01
   1.0787818e+00
   1.4300011e+00
   1.7132125e+00
   2.0524605e+00
   2.4026229e+00
   2.5949365e+00
   2.2673347e+00
   1.1264516e+00
  -2.3551874e-01
  -3.3657512e-01
  -9.5203656e-01
  -1.9573334e+00
  -2.1242480e+00
  -1.7340182e+00
  -1.4729012e+00
   1.9224631e-01
   1.3849001e+00
   1.3464729e+00
   3.7031099e-01
   3.9129744e-01
   8.2140846e-01
   2.4144012e+00
   6.0019323e-01
  -6.9826652e-01
  -6.7071674e-01
   7.3448824e-01
   2.8979707e-01
  -2.7868354e-01
  -4.7166246e-01
  -5.6187820e-01
  -4.2639800e-01
  -4.0508780e-01
  -5.7995447e-01
  -7.1108253e-01
  -6.9361298e-01
  -4.7159857e-01
  -1.0856570e-01
   1.9402739e-01
   3.8284929e-01
   5.7270690e-01
   8.4863384e-01
   9.4519351e-01
   5.5635578e-01
  -1.6902775e-01
  -1.4717436e+00
  -9.5382460e-01
  -1.4711207e+00
  -2.3157416e+00
  -2.7513300e+00
  -3.1668358e+00
  -2.9528972e+00
  -2.6191306e-01
   7.5034406e-01
   8.0937488e-01
   1.6164825e-01
   5.1556375e-02
   3.7294293e-01
   1.5292872e+00
   8.9076379e-01
  -1.0941050e+00
  -9.0813984e-01
   1.0589071e+00
   5.3735837e-01
  -1.4949019e-01
  -4.3975623e-01
  -7.5986568e-01
  -8.5174686e-01
  -9.4594695e-01
  -1.2576791e+00
  -1.5398438e+00
  -1.7371104e+00
  -1.7524561e+00
  -1.6686465e+00
  -1.5970660e+00
  -1.6087939e+00
  -1.5496832e+00
  -1.1406697e+00
  -5.5619797e-01
  -2.6405351e-01
  -4.1206165e-01
  -2.0279797e+00
  -2.2924042e+00
  -1.7192442e+00
  -2.3441107e+00
  -3.1704819e+00
  -3.9734498e+00
  -4.2457155e+00
  -9.2044881e-01
   1.1837050e-01
   1.8789553e-02
  -8.1190892e-01
  -8.2184981e-01
  -2.1729354e-01
   8.1625956e-01
   1.4871415e+00
  -1.1983666e+00
  -8.8251176e-01
   1.1988709e+00
   6.5154458e-01
  -1.1395604e-01
  -4.8495463e-01
  -1.0204611e+00
  -1.0179412e+00
  -1.0416185e+00
  -1.3494949e+00
  -1.7323415e+00
  -2.0298298e+00
  -2.2120668e+00
  -2.1982061e+00
  -2.3508637e+00
  -2.5149216e+00
  -2.7757923e+00
  -2.6347582e+00
  -1.5821803e+00
  -1.5248841e-01
  -7.5062190e-01
  -1.3928011e+00
  -1.2103823e+00
  -1.1884152e+00
  -2.1209750e+00
  -3.1543762e+00
  -4.2558897e+00
  -5.2782359e+00
  -2.3111062e+00
  -1.0537213e+00
  -9.4243950e-01
  -2.3006862e+00
  -2.2397768e+00
  -1.3768350e+00
   7.7508708e-01
   1.7466482e+00
  -1.0330942e+00
  -5.4006468e-01
   1.4496948e+00
   7.1385596e-01
   5.8063931e-03
  -5.9020285e-01
  -1.2100820e+00
  -1.0165784e+00
  -8.0459093e-01
  -1.0622228e+00
  -1.5234183e+00
  -1.9519670e+00
  -2.1752683e+00
  -2.1304196e+00
  -2.1530813e+00
  -2.5079504e+00
  -3.1046455e+00
  -3.5122531e+00
  -2.4931671e+00
   4.8910382e-02
  -1.1721632e+00
  -6.6862255e-02
   2.2707125e-01
  -4.3258678e-01
  -1.6751353e+00
  -2.7875261e+00
  -4.0839889e+00
  -5.8562288e+00
  -3.3947508e+00
  -2.0406957e+00
  -1.5892923e+00
  -2.5422883e+00
  -3.2133365e+00
  -2.4906372e+00
  -2.0449380e-01
   1.3812433e+00
  -5.5864966e-01
  -3.1918219e-01
   1.5035749e+00
   8.5395580e-01
   3.3040286e-01
  -5.3253847e-01
  -1.4435789e+00
  -1.0209316e+00
  -4.9599727e-01
  -5.7868395e-01
  -1.0972674e+00
  -1.6644948e+00
  -1.9708377e+00
  -1.9870173e+00
  -1.6953250e+00
  -2.0506325e+00
  -2.8535069e+00
  -3.8905336e+00
  -3.1249320e+00
   2.9563814e-02
  -9.5963722e-01
   2.8093014e-01
   2.1786054e-01
   4.8536136e-01
  -9.7018306e-01
  -2.3412670e+00
  -3.6974358e+00
  -5.7363636e+00
  -3.9586586e+00
  -2.2516429e+00
  -1.3507713e+00
  -2.3189585e+00
  -3.2796029e+00
  -3.1247018e+00
  -8.1066989e-01
   2.4860240e-01
   1.6709640e-01
  -2.3350165e-01
   8.9172295e-01
   9.7042578e-01
   8.6385762e-01
  -4.2740918e-01
  -1.5455357e+00
  -8.7334048e-01
  -2.0655927e-01
  -2.8606424e-02
  -4.1911758e-01
  -1.0184283e+00
  -1.4557329e+00
  -1.5855493e+00
  -1.2832766e+00
  -1.4782056e+00
  -2.4708396e+00
  -4.0121524e+00
  -3.0515003e+00
   5.3683526e-01
  -1.9303219e-01
  -1.2421807e-01
   8.7703439e-01
   1.4794455e+00
   3.0844354e-02
  -1.4869774e+00
  -3.0686920e+00
  -4.9348252e+00
  -4.2187135e+00
  -2.0623941e+00
  -1.1200309e+00
  -1.4897314e+00
  -2.5201928e+00
  -2.9194349e+00
  -1.2676309e+00
  -6.4854728e-01
   3.3231476e-01
   1.2367032e-02
   4.1419621e-01
   6.5069839e-01
   5.6185676e-01
  -4.7478527e-01
  -1.4105141e+00
  -7.0542542e-01
   1.4452742e-01
   5.5240699e-01
   3.5767019e-01
  -1.9741840e-01
  -6.6744179e-01
  -8.4464101e-01
  -6.8762326e-01
  -8.8618144e-01
  -2.1236550e+00
  -4.1132432e+00
  -2.2608844e+00
   6.3252412e-01
   2.5492383e-01
  -2.0306058e-01
   1.3656413e+00
   2.0631853e+00
   1.2046182e+00
  -3.2625437e-01
  -2.0854063e+00
  -3.9193061e+00
  -4.2614690e+00
  -1.1429715e+00
  -9.6255425e-01
  -9.0928314e-01
  -1.9192396e+00
  -2.2949117e+00
  -1.4127721e+00
  -1.2263261e+00
  -9.6898541e-01
   2.1001091e-01
   4.5093258e-01
   1.5541964e+00
   4.7497094e-01
  -3.2113917e-01
  -9.5591925e-01
  -8.2966866e-01
   2.7575913e-01
   8.6793529e-01
   8.1426340e-01
   4.1504487e-01
   3.1138199e-02
  -6.9336226e-02
  -1.3282358e-02
  -2.8945933e-01
  -1.7702988e+00
  -3.9161601e+00
  -9.2852625e-01
   9.0959242e-01
   2.3250238e-02
  -2.7223698e-01
   7.7909106e-01
   2.2950324e+00
   2.2895209e+00
   9.5557764e-01
  -8.9473224e-01
  -2.7355631e+00
  -3.9209973e+00
  -8.1649027e-01
  -6.4289507e-01
  -8.8333707e-01
  -1.6542547e+00
  -1.2026083e+00
  -9.3099444e-01
  -1.0763146e+00
  -1.7995810e+00
  -9.3021056e-02
   9.5550282e-01
   1.1744174e+00
   7.4491252e-02
  -8.3392221e-02
  -4.2773431e-01
  -6.8985921e-01
  -3.1089963e-01
   5.7310356e-01
   7.8766630e-01
   6.6385049e-01
   4.1128331e-01
   4.2018835e-01
   5.2459537e-01
   2.6990954e-01
  -1.2691985e+00
  -2.9490974e+00
   1.7799316e-01
   8.7047695e-01
  -3.9442348e-01
  -2.7460352e-01
  -4.0764546e-01
   1.6531497e+00
   2.7416823e+00
   1.9805099e+00
   2.1941490e-01
  -1.6553456e+00
  -3.1527534e+00
  -1.0519346e+00
  -9.0941387e-01
  -1.0145083e+00
  -1.0777874e+00
  -2.5809898e-01
  -3.7664244e-02
  -8.9934596e-01
  -1.3305797e+00
   6.9976727e-01
   2.4147669e-01
  -6.6399263e-01
  -3.1555923e-01
  -3.3412411e-01
  -2.5288604e-01
  -1.0510301e+00
  -8.6533052e-01
   7.6157900e-03
   6.3635839e-01
   7.9179370e-01
   7.7499548e-01
   8.7756623e-01
   1.0319246e+00
   7.6789277e-01
  -5.5652624e-01
  -1.4693417e+00
   4.2829824e-01
   1.9273224e-01
  -1.2936801e+00
  -8.3862892e-01
  -1.1644674e+00
  -4.0974857e-01
   2.0089900e+00
   2.3089472e+00
   1.0514254e+00
  -5.6640847e-01
  -2.1215096e+00
  -6.3616155e-01
  -1.1484528e+00
  -5.7631164e-01
  -4.3184346e-01
  -1.2954546e-01
   3.4692919e-01
  -1.0155288e+00
  -8.9152195e-01
   2.3098894e-01
  -5.3929985e-01
  -2.7404497e-01
  -5.0065976e-01
  -5.8167155e-01
  -3.0063256e-01
  -8.0805995e-01
  -6.0504160e-01
  -1.9112164e-01
   5.5189382e-01
   7.7416573e-01
   9.1966132e-01
   1.1647445e+00
   1.4060399e+00
   1.3378350e+00
   3.6312795e-01
  -2.3201995e-01
   8.3150259e-02
  -9.7872466e-01
  -2.2630632e+00
  -1.5285961e+00
  -1.4083333e+00
  -2.3211013e+00
   3.1749379e-01
   2.1000795e+00
   1.6277053e+00
   4.2421073e-01
  -8.0947848e-01
  -4.4247721e-01
  -7.0320536e-01
  -3.8452225e-01
  -3.1906777e-01
  -6.9519284e-01
  -7.7943539e-03
  -5.6678558e-01
  -9.8980127e-01
  -4.8340583e-02
  -4.6447305e-01
  -4.8204333e-01
  -5.8475752e-01
  -1.0173842e+00
  -9.0549921e-01
  -4.5101505e-01
  -9.2427052e-01
  -4.1094210e-01
   2.9036731e-02
   3.4439235e-01
   5.5809305e-01
   9.2739643e-01
   1.4228772e+00
   1.6831808e+00
   1.4252912e+00
   1.2327112e-01
  -1.7085430e+00
  -2.3579030e+00
  -2.1054910e+00
  -1.0576859e+00
  -2.5286648e+00
  -2.7933130e+00
  -1.3579532e+00
   6.6262747e-01
   1.9187539e+00
   1.2963570e+00
   4.4637261e-01
  -1.0693742e-02
   9.7292635e-02
  -3.5390851e-01
  -3.6711125e-01
  -6.7875483e-01
  -2.6760021e-01
  -5.2333980e-02
  -3.0742473e-01
   1.3891925e-02
   4.8327907e-01
   3.9470143e-01
  -1.1044668e-01
  -1.0937865e+00
  -1.3768728e+00
  -1.3933554e+00
  -1.5221900e+00
  -5.9454972e-01
  -1.3798068e+00
  -8.2030298e-01
  -5.2188998e-01
   9.4885850e-02
   5.3820117e-01
   1.9292137e+00
   2.2497646e+00
   9.9206142e-01
  -1.8369189e+00
  -2.9854529e+00
  -1.6232119e+00
  -8.7600668e-01
  -5.8965879e-01
  -1.3258514e+00
  -3.9111222e+00
  -1.5990259e+00
   1.1643191e+00
   1.6478867e+00
   1.7609309e+00
   8.1680082e-01
  -1.6248382e-01
  -5.3348409e-01
  -1.0819098e+00
  -7.3401524e-01
  -3.4402686e-01
   1.3641062e-01
   5.0604496e-02
   1.6329854e-01
   8.8500414e-01
   7.1642980e-01
   3.5875087e-01
  -3.7675951e-02
  -7.4153283e-01
  -1.1210573e+00
  -2.0464931e+00
  -1.7545867e+00
  -2.0299065e+00
  -2.5815865e+00
  -1.8337773e+00
  -3.2661164e-01
   5.6988132e-01
   1.3172335e+00
   2.5450576e+00
   2.6502544e+00
   7.0172991e-01
  -2.0887534e+00
  -1.4788425e+00
  -1.0558125e+00
  -5.1194390e-01
  -1.9043639e+00
  -4.6004306e+00
  -2.6509912e+00
  -1.3959895e+00
   9.7117169e-01
   1.3539179e+00
   2.2449299e+00
   1.5669934e+00
  -1.1063123e+00
  -1.8851633e+00
  -2.3734816e+00
  -1.0634145e+00
  -1.8230240e-01
  -2.3717733e-01
   5.2707726e-02
   4.6196130e-01
   5.2075987e-01
  -1.2694334e-02
  -5.3160005e-01
  -2.1553800e-01
  -8.1872991e-02
  -4.9760155e-01
  -1.0415382e+00
  -9.0636358e-01
  -1.6511471e+00
  -2.4103940e+00
  -1.2600308e+00
   3.5411338e-01
   7.1421220e-01
   1.9668631e+00
   3.2948370e+00
   2.2987148e+00
   8.4696815e-01
   6.2038749e-01
   9.3500413e-02
  -1.7845916e+00
  -3.5828135e+00
  -2.9173567e+00
   5.7608605e-01
  -3.6968434e+00
  -3.2845503e+00
  -1.9438544e+00
  -9.0873774e-01
   1.7361173e+00
   2.3518413e+00
  -9.4390997e-02
  -2.0071783e+00
  -2.2772123e+00
  -1.1022007e+00
  -1.1072572e+00
  -6.3234199e-01
   4.4816502e-01
   6.3786298e-01
  -7.9309544e-01
  -5.5667571e-01
  -5.8788910e-02
   2.7849421e-03
  -8.2628751e-02
  -1.4589198e-01
  -1.2286013e-01
  -1.2578005e-01
  -3.1172890e-01
  -2.8783121e-01
  -2.3145354e-01
  -4.0868195e-01
  -2.7017143e-01
   1.3192279e+00
   2.3998148e+00
   2.0165259e+00
   1.1725260e+00
   4.6327781e-01
  -8.9256495e-01
  -1.0280227e+00
   1.1621667e+00
   2.6705765e+00
   1.4127605e+00
  -1.5118850e+00
  -3.9186453e+00
  -3.6377657e+00
  -2.1604850e+00
   7.6016403e-01
   1.6211114e+00
   7.0481023e-01
  -4.9144719e-01
  -1.6535190e+00
  -1.8182315e+00
  -1.3717121e+00
  -6.9782704e-01
  -5.2881759e-01
