   0.0000000e+00
   0.0000000e+00
   0.0000000e+00
   0.0000000e+00
   0.0000000e+00
   0.0000000e+00
   0.0000000e+00
   1.3057126e-01
   7.3050876e-02
   2.9404171e-02
   1.0286264e-04
  -0.0000000e+00
  -0.0000000e+00
   0.0000000e+00
   0.0000000e+00
   0.0000000e+00
   0.0000000e+00
   0.0000000e+00
   0.0000000e+00
   0.0000000e+00
   0.0000000e+00
   0.0000000e+00
   0.0000000e+00
  -0.0000000e+00
  -0.0000000e+00
  -0.0000000e+00
  -0.0000000e+00
   0.0000000e+00
   0.0000000e+00
   0.0000000e+00
   0.0000000e+00
   0.0000000e+00
   0.0000000e+00
   0.0000000e+00
  -0.0000000e+00
   0.0000000e+00
   1.5342536e-01
   1.7313399e-01
   1.3481302e-01
   1.7581366e-01
   1.3360155e-01
   7.9821698e-02
   6.4230002e-02
   2.7860239e-02
  -3.3489138e-05
  -1.0336155e-02
  -1.1152937e-02
  -7.0655118e-03
   1.3218625e-03
   1.2038930e-02
   1.5264461e-02
   1.2922694e-02
   1.0558791e-02
  -4.1944819e-03
  -3.0550311e-02
   0.0000000e+00
   7.1366239e-02
   3.7563587e-02
   2.3245316e-02
   1.3158677e-02
   1.2669946e-02
   2.4177053e-02
   4.0977344e-02
   6.2070048e-02
   4.8240958e-02
   2.8846757e-02
   5.4641939e-02
   2.1396844e-01
   1.8668501e-01
   3.1826313e-02
   6.4283214e-02
   1.2251534e-01
  -8.4455997e-05
  -1.0824639e-02
  -2.0773901e-02
  -2.6418740e-02
  -2.6122574e-02
  -1.6768804e-02
  -1.2431085e-02
  -1.3670964e-02
  -1.3279804e-02
  -1.2886433e-02
  -1.1455118e-02
  -4.9037678e-03
   1.9762437e-04
   6.7216884e-03
   1.0312855e-02
   6.7433531e-03
  -9.2163207e-04
  -1.2503757e-02
  -1.6826635e-02
   6.1625502e-03
   1.3814043e-02
   1.1456292e-02
   1.1517569e-02
   8.5370068e-03
   1.7643507e-03
  -3.7552829e-03
  -8.6136885e-03
  -1.2872536e-02
  -1.2097338e-02
  -1.3566239e-02
  -5.3676776e-03
   1.5715242e-02
   2.0320525e-02
   1.2184298e-02
   4.4802784e-03
   2.5678967e-03
  -3.6130798e-02
  -4.6409666e-02
  -5.5609495e-02
  -5.5268297e-02
  -3.8936508e-02
  -2.8622596e-02
  -2.3467576e-02
  -1.5636312e-02
  -6.1974916e-03
  -6.4247348e-03
  -4.9663849e-03
  -2.7934021e-03
  -1.6351497e-03
  -3.0856703e-03
  -5.2795082e-03
  -1.0580771e-02
  -1.9930390e-02
  -4.9863450e-02
  -7.5723107e-02
  -3.6699023e-04
  -7.4988406e-03
  -4.6544428e-03
  -2.1759688e-03
  -9.4867737e-03
  -2.1532098e-02
  -2.3660894e-02
  -2.8873727e-02
  -3.2074472e-02
  -3.2401375e-02
  -3.3536393e-02
  -2.1379876e-02
  -7.4095710e-03
  -3.8053367e-03
   1.0948150e-03
  -4.3295697e-03
  -2.0518100e-02
  -3.7106006e-02
  -4.7740523e-02
  -5.4556469e-02
  -4.5615267e-02
  -2.9604590e-02
  -2.3789226e-02
  -1.9543050e-02
   3.1092787e-04
  -1.6870374e-03
  -5.5205785e-03
  -6.3398252e-03
  -7.2006952e-03
  -1.1593133e-02
  -1.5954766e-02
  -1.7402576e-02
  -2.0165187e-02
  -2.7705643e-02
  -6.8412934e-02
  -1.1238429e-01
  -0.0000000e+00
  -1.5106739e-02
  -1.0823570e-02
  -1.5042240e-02
  -2.6113999e-02
  -3.3582305e-02
  -2.7200372e-02
  -3.2178217e-02
  -3.6968202e-02
  -4.1598440e-02
  -4.2931266e-02
  -3.1915460e-02
  -1.6631263e-02
  -2.0167044e-02
  -7.5806846e-03
  -1.4486140e-02
  -2.9770265e-02
  -2.7856428e-02
  -3.6088709e-02
  -3.8685170e-02
  -3.2479027e-02
  -2.3822304e-02
  -8.9488524e-03
  -5.2622365e-02
   8.0670632e-03
   1.6046868e-03
  -2.0473096e-03
  -6.0927234e-03
  -1.1468535e-02
  -1.7009252e-02
  -1.9462967e-02
  -1.9823483e-02
  -2.1149358e-02
  -2.4272187e-02
  -4.0989788e-02
  -8.2811786e-02
  -0.0000000e+00
  -1.5987206e-02
  -1.7109833e-02
  -2.1247075e-02
  -3.2597793e-02
  -2.8196839e-02
  -2.0642959e-02
  -2.2228410e-02
  -2.1749040e-02
  -2.5178591e-02
  -2.8631040e-02
  -1.9847394e-02
  -9.5389824e-03
  -8.1611972e-03
  -1.1052406e-02
  -1.6456842e-02
  -1.8755066e-02
  -9.8625367e-03
  -1.4316916e-02
  -1.4788284e-02
  -1.4414421e-02
  -3.5417980e-02
   2.3996846e-03
  -1.8610669e-02
  -7.8081663e-03
   2.1253086e-03
  -1.4197563e-03
  -6.3186109e-03
  -1.0899346e-02
  -1.4353384e-02
  -1.6073482e-02
  -1.6517307e-02
  -1.8421354e-02
  -1.5743970e-02
  -5.3200609e-03
  -3.0433696e-02
  -0.0000000e+00
  -1.4741528e-02
  -1.5392211e-02
  -2.1946914e-02
  -2.9864640e-02
  -1.9328944e-02
  -1.0577638e-02
   4.9315174e-04
   1.0474730e-02
   2.5354364e-03
  -1.0095520e-02
  -7.7271002e-03
  -6.4907249e-03
  -4.4565876e-03
  -4.3028487e-03
  -2.6151729e-03
  -6.8495756e-03
   2.5221377e-02
   1.8956429e-02
   1.2520203e-02
   2.2147295e-02
  -0.0000000e+00
   9.2538461e-03
   9.8625057e-03
   7.7579816e-04
   1.5895521e-03
  -5.6602041e-05
  -3.5716568e-03
  -5.2308595e-03
  -8.4899771e-03
  -1.1051564e-02
  -1.3569874e-02
  -1.3062076e-02
  -4.6140182e-03
   2.8440568e-02
  -9.7946298e-03
  -0.0000000e+00
  -0.0000000e+00
  -1.3919360e-02
  -1.8515586e-02
  -1.8198709e-02
  -6.7731131e-03
   3.5339364e-03
   2.2539343e-02
   3.2749262e-02
   6.9759943e-03
  -1.0626434e-02
  -7.1086089e-03
  -6.5824895e-03
  -2.4816366e-03
   2.3364306e-03
   5.5628873e-03
   8.1155735e-03
   6.4665111e-02
   4.4875605e-02
   0.0000000e+00
   0.0000000e+00
   0.0000000e+00
   9.1436736e-03
   1.3178598e-02
   8.0900714e-03
   6.1783731e-03
   6.1193518e-03
   3.4756226e-03
   2.2293200e-03
  -2.6108855e-03
  -7.3552054e-03
  -9.4347980e-03
  -7.4477784e-03
   6.8792227e-03
   5.1816702e-02
   2.5513972e-03
  -0.0000000e+00
  -0.0000000e+00
  -1.2952176e-02
  -1.3632633e-02
  -7.5866411e-03
   3.3189504e-03
   1.9561335e-02
   5.5278561e-02
   4.3957444e-02
   0.0000000e+00
  -7.8809026e-04
  -2.8336886e-03
  -6.0265839e-04
   4.7434979e-03
   1.2082226e-02
   1.6865404e-02
   2.9349230e-02
   1.0312053e-01
   0.0000000e+00
   0.0000000e+00
   0.0000000e+00
   0.0000000e+00
   1.7124617e-02
   1.7879992e-02
   1.5701776e-02
   1.5606169e-02
   1.4722498e-02
   1.1237218e-02
   6.9535532e-03
  -6.1981575e-04
  -5.7136743e-03
  -6.1112423e-03
  -5.4343601e-04
   1.9249468e-02
   6.7255641e-02
   1.0194077e-02
  -0.0000000e+00
  -0.0000000e+00
  -1.5543304e-02
  -1.0713461e-02
  -5.6245814e-04
   1.2694189e-02
   3.6487592e-02
   8.4932198e-02
   2.3262328e-02
  -0.0000000e+00
   1.2716796e-02
  -2.6340653e-03
   6.3020597e-03
   1.3895396e-02
   2.1778541e-02
   3.0151475e-02
   5.1184204e-02
   1.0756845e-01
   0.0000000e+00
   0.0000000e+00
   0.0000000e+00
   0.0000000e+00
   2.9779675e-02
   2.5974036e-02
   2.2515251e-02
   2.0686061e-02
   1.8427849e-02
   1.3774955e-02
   7.1434805e-03
  -1.1546151e-03
  -4.5951440e-03
  -1.0554327e-03
   7.9512190e-03
   3.0216451e-02
   6.6997436e-02
  -1.7262382e-02
  -0.0000000e+00
  -0.0000000e+00
  -1.8834071e-02
  -7.6269409e-03
   5.3077127e-03
   2.1278904e-02
   5.1924431e-02
   1.0156797e-01
  -1.3770517e-02
  -0.0000000e+00
   2.6925683e-02
  -2.0235034e-03
   1.4022413e-02
   2.4360941e-02
   3.3739225e-02
   4.3721843e-02
   6.6923127e-02
   7.9678161e-02
   2.6856068e-02
   0.0000000e+00
   0.0000000e+00
   0.0000000e+00
   4.3940497e-02
   5.1301957e-02
   2.5341708e-02
   2.1504641e-02
   1.7829953e-02
   1.2156641e-02
   5.0623582e-03
  -8.6413370e-04
  -9.4872073e-04
   4.8244883e-03
   1.7321153e-02
   4.0565003e-02
   6.2436562e-02
   9.0438085e-03
  -0.0000000e+00
  -0.0000000e+00
  -0.0000000e+00
  -1.5353555e-03
   1.2672467e-02
   3.1237524e-02
   6.3918236e-02
   8.7919927e-02
  -0.0000000e+00
   0.0000000e+00
   2.1488019e-02
   2.2883707e-02
   2.4486566e-02
   3.4896102e-02
   4.5157208e-02
   5.5702906e-02
   7.2726073e-02
   5.3885723e-02
   1.2493342e-02
   0.0000000e+00
   0.0000000e+00
   0.0000000e+00
   3.4614708e-02
   5.1364293e-02
   2.4532347e-02
   1.7609979e-02
   1.3456794e-02
   8.6278563e-03
   3.1727576e-03
   1.2403536e-03
   4.7893933e-03
   1.3514538e-02
   2.6897882e-02
   4.7152720e-02
   6.0931387e-02
  -1.0605549e-03
  -0.0000000e+00
  -0.0000000e+00
  -0.0000000e+00
   8.4622743e-03
   2.3252388e-02
   4.1059571e-02
   6.6038805e-02
   6.8693039e-02
  -0.0000000e+00
   0.0000000e+00
   0.0000000e+00
   4.5149207e-02
   3.3095161e-02
   4.2688196e-02
   5.5362867e-02
   6.4634725e-02
   6.8334877e-02
   3.6989408e-02
   6.2992171e-03
   0.0000000e+00
   0.0000000e+00
   3.8786375e-02
   2.6729901e-02
   3.7619551e-02
   1.3178396e-02
   9.3711606e-03
   6.8038440e-03
   4.2536159e-03
   2.4167458e-03
   4.6371431e-03
   1.2095319e-02
   2.2874590e-02
   3.5853403e-02
   5.2574787e-02
   7.2984170e-02
  -8.7586990e-02
  -0.0000000e+00
  -0.0000000e+00
   0.0000000e+00
   1.9189207e-02
   3.1870203e-02
   4.5744418e-02
   5.8953107e-02
   2.7405239e-02
  -0.0000000e+00
   0.0000000e+00
   0.0000000e+00
   7.2823793e-02
   3.6365167e-02
   4.3973187e-02
   5.6466664e-02
   6.2794709e-02
   5.6390441e-02
   2.7132317e-02
   3.7115847e-03
  -1.3010864e-02
   0.0000000e+00
   4.0804534e-02
   1.5759319e-02
   1.0480184e-02
   1.1563685e-03
  -5.6597824e-04
  -1.3708197e-04
   1.1346536e-06
   1.2599473e-03
   6.2017369e-03
   1.5526429e-02
   2.7863367e-02
   3.9840150e-02
   5.1597179e-02
   3.3799274e-02
  -0.0000000e+00
  -0.0000000e+00
  -0.0000000e+00
   0.0000000e+00
   2.7095810e-02
   3.5516220e-02
   4.4792061e-02
   4.7883734e-02
   2.2101081e-02
  -0.0000000e+00
   0.0000000e+00
   0.0000000e+00
   4.3416458e-02
   3.5039135e-02
   3.7376851e-02
   4.6075590e-02
   4.5795340e-02
   3.7265756e-02
   2.7614967e-02
   1.9936182e-03
  -1.3828414e-02
   0.0000000e+00
   0.0000000e+00
   3.3614772e-03
  -5.9926871e-03
  -1.1273129e-02
  -1.2034431e-02
  -1.0905934e-02
  -8.7778929e-03
  -4.4312883e-03
   3.6717589e-03
   1.4397716e-02
   2.5297930e-02
   3.4869047e-02
   4.1646033e-02
   7.8078525e-04
   0.0000000e+00
   0.0000000e+00
   0.0000000e+00
   0.0000000e+00
   3.2834736e-02
   3.4220205e-02
   4.0369358e-02
   3.6724505e-02
   2.0970597e-02
   0.0000000e+00
   0.0000000e+00
   0.0000000e+00
   3.2222072e-02
   2.9072419e-02
   3.4135707e-02
   3.1067155e-02
   2.5060506e-02
   1.7177405e-02
   0.0000000e+00
   0.0000000e+00
  -7.7552754e-03
   2.4786044e-04
   6.3396223e-03
  -6.1092764e-03
  -1.3939383e-02
  -1.8013635e-02
  -1.9350655e-02
  -1.9270107e-02
  -1.7836925e-02
  -1.3822713e-02
  -6.3513002e-03
   3.6683766e-03
   1.4054809e-02
   2.2115427e-02
   2.7188359e-02
   7.0545643e-03
   0.0000000e+00
  -0.0000000e+00
  -0.0000000e+00
   0.0000000e+00
   2.5605103e-02
   2.6312362e-02
   3.0629123e-02
   2.4868095e-02
   2.7982058e-02
   0.0000000e+00
   0.0000000e+00
   0.0000000e+00
   2.5527264e-02
   1.9383365e-02
   1.8765558e-02
   1.7842101e-02
   1.0249814e-02
   2.6212230e-03
  -0.0000000e+00
  -0.0000000e+00
  -1.4010888e-02
  -1.3909412e-02
   1.5807417e-03
  -4.5751932e-03
  -8.6178795e-03
  -1.0238783e-02
  -1.0346667e-02
  -9.5924016e-03
  -7.8382062e-03
  -5.1724537e-03
  -2.0035071e-03
   2.1805327e-03
   6.5186885e-03
   1.1705430e-02
   2.3139444e-02
   7.0132663e-03
  -0.0000000e+00
  -0.0000000e+00
  -0.0000000e+00
  -0.0000000e+00
   1.4059984e-02
   1.5942958e-02
   1.9314752e-02
   1.5166557e-02
   2.4954657e-02
   0.0000000e+00
   0.0000000e+00
   0.0000000e+00
   1.9117133e-02
   1.2044318e-02
   5.9827508e-03
   9.2838760e-03
   5.2681325e-03
  -2.9419225e-03
  -0.0000000e+00
  -0.0000000e+00
  -1.8216770e-02
   1.6294452e-04
   3.0486827e-03
   3.1433872e-04
   1.9434946e-05
   1.7652637e-03
   3.8372724e-03
   5.9850422e-03
   7.9690722e-03
   1.1068506e-02
   1.4942325e-02
   1.9359031e-02
   2.1763861e-02
   2.0897979e-02
   1.4637268e-02
   1.3986975e-03
  -0.0000000e+00
  -0.0000000e+00
  -0.0000000e+00
  -7.7652753e-03
   1.9216104e-03
   6.5630517e-03
   1.2965469e-02
   1.4897792e-02
   2.7273270e-02
   0.0000000e+00
   0.0000000e+00
   0.0000000e+00
   3.0536641e-02
   7.9467971e-03
  -4.5976103e-04
   5.4001571e-03
   7.4136914e-03
  -6.7847627e-03
  -0.0000000e+00
  -2.2987144e-02
  -1.4433805e-02
  -1.7389765e-03
  -1.1484083e-03
  -2.8486235e-03
  -2.4099167e-03
   8.2837238e-04
   5.7583283e-03
   1.0823426e-02
   1.4217119e-02
   1.7501028e-02
   2.1161743e-02
   2.4292459e-02
   2.3079665e-02
   1.3799634e-02
   1.8767237e-03
  -2.0429910e-02
  -0.0000000e+00
  -0.0000000e+00
  -0.0000000e+00
  -2.1757053e-02
  -1.7644650e-02
  -5.4072079e-03
   3.7177003e-02
   6.6875375e-02
   4.7485077e-02
   0.0000000e+00
   0.0000000e+00
   0.0000000e+00
   0.0000000e+00
   7.2945825e-03
  -5.0986890e-03
   1.3557286e-02
   1.5591214e-02
  -1.3280056e-02
  -0.0000000e+00
  -3.3806848e-02
  -3.2867944e-02
  -9.7984138e-03
  -1.2299374e-02
  -1.5283777e-02
  -1.6891265e-02
  -1.5279336e-02
  -1.0831838e-02
  -5.7907796e-03
  -2.6105190e-03
  -8.5093005e-04
   2.6017640e-03
   6.4984269e-03
   6.2872444e-03
  -4.9578521e-04
  -1.8413843e-02
  -2.0501841e-01
  -0.0000000e+00
  -0.0000000e+00
  -5.3471242e-02
  -3.8964217e-02
  -3.6405898e-02
  -1.6638665e-02
   5.6192165e-02
   0.0000000e+00
   0.0000000e+00
   0.0000000e+00
  -0.0000000e+00
   0.0000000e+00
   0.0000000e+00
   1.2106857e-02
  -8.7127027e-03
   3.6993539e-02
   2.3336863e-02
  -7.1722794e-03
  -0.0000000e+00
  -5.0239315e-02
  -3.5055129e-02
  -1.6393893e-02
  -2.0283891e-02
  -2.4884100e-02
  -2.9339850e-02
  -3.1058511e-02
  -2.9726216e-02
  -2.7751609e-02
  -2.6469344e-02
  -2.5620108e-02
  -2.0954206e-02
  -1.0875014e-02
  -2.4848940e-03
  -6.1977437e-03
  -5.8397715e-02
  -1.4416263e-01
  -0.0000000e+00
  -8.3768496e-02
  -4.0917895e-02
  -4.8771560e-02
  -5.1779582e-02
  -3.6384399e-02
   0.0000000e+00
   0.0000000e+00
  -0.0000000e+00
  -0.0000000e+00
  -0.0000000e+00
   0.0000000e+00
   0.0000000e+00
   2.7107852e-02
  -9.1831250e-03
   2.7896320e-02
   2.5449124e-02
  -6.2995012e-04
  -0.0000000e+00
  -6.0614930e-02
  -3.1439449e-02
  -1.7964267e-02
  -1.9592756e-02
  -2.5234666e-02
  -3.1108280e-02
  -3.5537792e-02
  -3.6139321e-02
  -3.5806859e-02
  -3.8088343e-02
  -3.9145221e-02
  -3.8667988e-02
  -2.5254084e-02
  -4.7827506e-03
  -2.7568850e-02
  -1.5920890e-01
  -0.0000000e+00
  -2.2252047e-02
  -2.3981094e-02
  -3.9686410e-02
  -5.2512659e-02
  -6.5489808e-02
  -6.7448718e-02
  -0.0000000e+00
  -0.0000000e+00
  -0.0000000e+00
  -0.0000000e+00
  -0.0000000e+00
  -0.0000000e+00
   0.0000000e+00
   3.2065998e-02
  -1.0377813e-02
   0.0000000e+00
   3.2406852e-02
   1.0961340e-02
  -0.0000000e+00
  -6.5335571e-02
  -3.1611138e-02
  -1.6796320e-02
  -1.4934573e-02
  -2.0591415e-02
  -2.8378698e-02
  -3.4954900e-02
  -3.6118039e-02
  -3.2645169e-02
  -3.7735393e-02
  -4.2069334e-02
  -4.6768948e-02
  -3.7225503e-02
  -6.0456249e-03
  -5.8393112e-02
  -0.0000000e+00
  -1.4635587e-03
   2.3791314e-04
  -1.5512917e-02
  -3.3157262e-02
  -4.9795235e-02
  -7.1830603e-02
  -8.9293754e-02
  -0.0000000e+00
  -0.0000000e+00
  -0.0000000e+00
  -0.0000000e+00
  -0.0000000e+00
  -0.0000000e+00
   0.0000000e+00
   3.4762102e-02
  -6.6263961e-03
   0.0000000e+00
   0.0000000e+00
   0.0000000e+00
  -0.0000000e+00
  -6.6405340e-02
  -3.4525371e-02
  -1.6680477e-02
  -1.0054533e-02
  -1.4242123e-02
  -2.3615624e-02
  -3.1872794e-02
  -3.4124485e-02
  -3.1776171e-02
  -2.9542619e-02
  -3.5953659e-02
  -4.6278404e-02
  -4.5819066e-02
  -1.3873908e-03
   0.0000000e+00
  -4.3461838e-02
  -1.5240867e-02
   4.7381043e-03
  -3.7619310e-03
  -2.3609832e-02
  -4.2726043e-02
  -6.9529760e-02
  -1.1363308e-01
  -0.0000000e+00
  -0.0000000e+00
  -0.0000000e+00
  -0.0000000e+00
  -0.0000000e+00
  -0.0000000e+00
  -0.0000000e+00
   0.0000000e+00
   0.0000000e+00
   0.0000000e+00
   0.0000000e+00
   0.0000000e+00
   0.0000000e+00
  -0.0000000e+00
  -3.6289106e-02
  -1.5273281e-02
  -5.5126540e-03
  -6.3143946e-03
  -1.4707535e-02
  -2.4010787e-02
  -2.8483783e-02
  -2.5069248e-02
  -1.9754742e-02
  -2.6907911e-02
  -4.2240309e-02
  -5.1982179e-02
   2.8538813e-02
   0.0000000e+00
  -2.5479124e-02
  -7.1336268e-03
   1.6727769e-02
   8.9603330e-03
  -9.9284287e-03
  -3.0649592e-02
  -5.8294540e-02
  -1.0542970e-01
  -8.7900288e-02
  -0.0000000e+00
  -0.0000000e+00
  -0.0000000e+00
  -0.0000000e+00
  -0.0000000e+00
  -0.0000000e+00
   0.0000000e+00
   0.0000000e+00
   0.0000000e+00
   0.0000000e+00
   0.0000000e+00
  -0.0000000e+00
  -0.0000000e+00
  -4.9813132e-02
  -1.1152042e-02
   1.0279877e-03
   3.1803373e-03
  -3.0680788e-03
  -1.2736121e-02
  -1.6877111e-02
  -1.4392909e-02
  -9.4620324e-03
  -1.6850492e-02
  -4.0604997e-02
  -5.4961619e-02
   3.1937535e-02
   0.0000000e+00
  -0.0000000e+00
  -2.9260688e-02
   2.2832216e-02
   2.0695366e-02
   4.6716332e-03
  -1.5760495e-02
  -4.3038115e-02
  -7.5915442e-02
  -6.6482763e-02
  -0.0000000e+00
  -0.0000000e+00
  -0.0000000e+00
  -0.0000000e+00
  -0.0000000e+00
  -0.0000000e+00
  -0.0000000e+00
   0.0000000e+00
   0.0000000e+00
   0.0000000e+00
   0.0000000e+00
  -0.0000000e+00
  -0.0000000e+00
  -0.0000000e+00
  -1.5901130e-02
   7.8276547e-03
   1.1636140e-02
   6.7756389e-03
  -2.4276620e-03
  -4.9647865e-03
  -1.2391268e-03
   2.7472030e-03
  -6.1143304e-03
  -4.2017781e-02
  -4.5201820e-02
   0.0000000e+00
   0.0000000e+00
  -0.0000000e+00
  -0.0000000e+00
   2.6390643e-02
   3.8463928e-02
   2.5250024e-02
   2.2548721e-03
  -2.6076586e-02
  -5.8127096e-02
  -6.5377204e-02
  -0.0000000e+00
  -0.0000000e+00
  -0.0000000e+00
  -0.0000000e+00
  -0.0000000e+00
  -0.0000000e+00
  -0.0000000e+00
  -0.0000000e+00
   0.0000000e+00
   0.0000000e+00
   0.0000000e+00
  -0.0000000e+00
  -0.0000000e+00
  -0.0000000e+00
  -5.7136633e-02
  -4.4595425e-04
   1.2122796e-02
   1.1069610e-02
   3.6876562e-03
   2.2721668e-03
   8.1748673e-03
   1.3696800e-02
   4.4462702e-03
  -4.2334250e-02
  -1.2249695e-02
   0.0000000e+00
   0.0000000e+00
  -0.0000000e+00
  -0.0000000e+00
   7.7374443e-03
   5.3834146e-02
   4.7574689e-02
   2.2595653e-02
  -7.2769117e-03
  -4.1189732e-02
  -5.2532354e-02
  -0.0000000e+00
  -0.0000000e+00
  -0.0000000e+00
  -0.0000000e+00
   0.0000000e+00
  -0.0000000e+00
  -0.0000000e+00
  -0.0000000e+00
   0.0000000e+00
   0.0000000e+00
  -0.0000000e+00
  -0.0000000e+00
  -0.0000000e+00
  -0.0000000e+00
  -4.5187542e-02
  -1.9247535e-02
   7.7590078e-03
   1.3412495e-02
   1.1841532e-02
   1.2309283e-02
   1.8206381e-02
   2.2761999e-02
   1.3833866e-02
  -2.8675038e-02
  -2.1164425e-03
   0.0000000e+00
  -0.0000000e+00
  -0.0000000e+00
  -0.0000000e+00
  -0.0000000e+00
   2.9927270e-02
   5.5561048e-02
   3.4099589e-02
   1.1283105e-02
  -2.0834732e-02
  -3.5521654e-02
  -0.0000000e+00
  -0.0000000e+00
  -0.0000000e+00
  -0.0000000e+00
   0.0000000e+00
  -0.0000000e+00
  -0.0000000e+00
   0.0000000e+00
  -0.0000000e+00
  -0.0000000e+00
  -0.0000000e+00
  -0.0000000e+00
  -0.0000000e+00
  -0.0000000e+00
  -4.0652800e-02
  -2.5837194e-02
   6.5258355e-03
   1.7520902e-02
   1.8151990e-02
   1.9771228e-02
   2.5220717e-02
   3.0805230e-02
   2.4525840e-02
   2.9285801e-03
   1.1126205e-03
  -0.0000000e+00
  -0.0000000e+00
  -0.0000000e+00
  -0.0000000e+00
  -0.0000000e+00
  -0.0000000e+00
   7.7545839e-02
   3.8663815e-02
   2.5536760e-02
   1.9570474e-03
  -1.3268125e-02
  -5.8254666e-02
  -0.0000000e+00
  -0.0000000e+00
  -0.0000000e+00
  -0.0000000e+00
  -0.0000000e+00
  -0.0000000e+00
  -0.0000000e+00
  -0.0000000e+00
  -0.0000000e+00
  -0.0000000e+00
  -0.0000000e+00
  -0.0000000e+00
  -0.0000000e+00
  -0.0000000e+00
  -2.6257029e-02
  -2.3212527e-03
   1.0774218e-02
   1.1763416e-02
   1.3713346e-02
   2.0590226e-02
   3.0922598e-02
   3.5259349e-02
   5.0250809e-02
  -0.0000000e+00
  -0.0000000e+00
  -0.0000000e+00
  -0.0000000e+00
  -0.0000000e+00
  -0.0000000e+00
  -0.0000000e+00
  -0.0000000e+00
   3.7087040e-02
   4.1786053e-02
   2.5016677e-02
   1.1351025e-02
   6.7112923e-03
  -0.0000000e+00
  -0.0000000e+00
  -0.0000000e+00
  -0.0000000e+00
  -0.0000000e+00
  -0.0000000e+00
   0.0000000e+00
   0.0000000e+00
   0.0000000e+00
  -0.0000000e+00
  -0.0000000e+00
  -0.0000000e+00
  -0.0000000e+00
  -0.0000000e+00
  -2.9456671e-02
  -4.7473866e-02
  -2.1651452e-02
  -1.6239012e-02
  -1.1886276e-02
   9.5514121e-04
   1.7302493e-02
   6.0584104e-02
   8.6047555e-02
  -0.0000000e+00
  -0.0000000e+00
  -0.0000000e+00
  -0.0000000e+00
  -0.0000000e+00
  -0.0000000e+00
  -0.0000000e+00
  -1.3621419e-01
   3.9886689e-03
   4.4355138e-02
   4.6902027e-02
   7.7567175e-02
  -0.0000000e+00
   0.0000000e+00
  -0.0000000e+00
  -0.0000000e+00
  -0.0000000e+00
  -0.0000000e+00
   0.0000000e+00
   0.0000000e+00
   0.0000000e+00
   0.0000000e+00
   0.0000000e+00
   0.0000000e+00
  -0.0000000e+00
  -0.0000000e+00
  -0.0000000e+00
  -0.0000000e+00
  -0.0000000e+00
  -0.0000000e+00
  -1.0063797e-01
  -8.4398349e-02
   0.0000000e+00
   0.0000000e+00
   0.0000000e+00
   0.0000000e+00
   0.0000000e+00
  -0.0000000e+00
  -0.0000000e+00
  -0.0000000e+00
  -0.0000000e+00
  -0.0000000e+00
  -0.0000000e+00
  -9.4938950e-02
  -8.6229282e-02
   9.8465585e-04
   3.1619927e-02
   6.0668157e-02
   1.0143169e-01
   0.0000000e+00
  -0.0000000e+00
  -0.0000000e+00
  -0.0000000e+00
  -0.0000000e+00
  -0.0000000e+00
  -0.0000000e+00
  -0.0000000e+00
   0.0000000e+00
   0.0000000e+00
  -0.0000000e+00
  -0.0000000e+00
  -0.0000000e+00
  -0.0000000e+00
  -0.0000000e+00
  -0.0000000e+00
  -0.0000000e+00
  -0.0000000e+00
  -0.0000000e+00
  -0.0000000e+00
   0.0000000e+00
   0.0000000e+00
   0.0000000e+00
   0.0000000e+00
   0.0000000e+00
   0.0000000e+00
   0.0000000e+00
  -0.0000000e+00
  -0.0000000e+00
  -0.0000000e+00
   0.0000000e+00
  -0.0000000e+00
  -1.4313609e-01
  -8.9446111e-02
  -6.6935603e-02
   1.4958334e-02
   9.4752338e-02
   0.0000000e+00
  -0.0000000e+00
  -0.0000000e+00
  -0.0000000e+00
  -0.0000000e+00
  -0.0000000e+00
  -0.0000000e+00
   0.0000000e+00
   0.0000000e+00
  -0.0000000e+00
  -0.0000000e+00
  -0.0000000e+00
  -0.0000000e+00
  -0.0000000e+00
  -0.0000000e+00
  -0.0000000e+00
  -0.0000000e+00
  -0.0000000e+00
  -0.0000000e+00
  -0.0000000e+00
  -0.0000000e+00
   0.0000000e+00
   0.0000000e+00
   0.0000000e+00
   0.0000000e+00
   0.0000000e+00
  -0.0000000e+00
  -0.0000000e+00
  -0.0000000e+00
   0.0000000e+00
   0.0000000e+00
   0.0000000e+00
  -0.0000000e+00
  -1.2091944e-01
  -8.6966825e-02
  -9.6220991e-03
   5.5609542e-02
   0.0000000e+00
   0.0000000e+00
  -0.0000000e+00
  -0.0000000e+00
  -0.0000000e+00
  -0.0000000e+00
  -0.0000000e+00
  -0.0000000e+00
