  6.141322e-01
  5.340392e-01
  4.978319e-01
  4.640478e-01
  4.244038e-01
  3.766780e-01
  3.337847e-01
  3.121258e-01
  2.990852e-01
  2.833052e-01
  2.668294e-01
  2.608920e-01
  2.562444e-01
  2.479349e-01
  2.505787e-01
  2.626549e-01
  2.610751e-01
  2.491008e-01
  2.459550e-01
  2.558646e-01
  2.613676e-01
  2.567130e-01
  2.530878e-01
  2.495671e-01
  2.487563e-01
  2.516552e-01
  2.615127e-01
  2.802353e-01
  3.050456e-01
  3.354690e-01
  3.622993e-01
  3.806672e-01
  4.135250e-01
  4.605767e-01
  5.557087e-01
  6.734885e-01
