  -0.0000000e+00
  -0.0000000e+00
  -0.0000000e+00
  -0.0000000e+00
   0.0000000e+00
   0.0000000e+00
   0.0000000e+00
   4.8649419e-03
   7.4831509e-03
   9.2679085e-03
  -1.0697135e-04
  -0.0000000e+00
  -0.0000000e+00
  -0.0000000e+00
  -0.0000000e+00
  -0.0000000e+00
  -0.0000000e+00
  -0.0000000e+00
  -0.0000000e+00
  -0.0000000e+00
   0.0000000e+00
  -0.0000000e+00
  -0.0000000e+00
  -0.0000000e+00
  -0.0000000e+00
  -0.0000000e+00
  -0.0000000e+00
  -0.0000000e+00
  -0.0000000e+00
  -0.0000000e+00
  -0.0000000e+00
  -0.0000000e+00
  -0.0000000e+00
  -0.0000000e+00
  -0.0000000e+00
  -0.0000000e+00
  -9.1363640e-02
  -6.6988020e-02
  -5.4283517e-02
  -4.7856750e-02
  -2.9270992e-03
   3.4242588e-02
   6.4057478e-02
   8.2823528e-02
   8.9485458e-02
   8.8220911e-02
   8.5071236e-02
   8.2991202e-02
   7.6843283e-02
   7.3397382e-02
   7.0916016e-02
   6.5896271e-02
   5.9006953e-02
   4.6992345e-02
   2.3836541e-02
  -0.0000000e+00
   2.1852823e-03
   2.8918041e-02
   3.9719208e-02
   4.2238122e-02
   3.7210662e-02
   2.9859053e-02
   2.2248859e-02
   1.6459793e-02
   1.5553925e-02
   1.6894730e-03
  -4.1037307e-02
  -7.6182107e-02
  -3.6527498e-02
  -8.7237837e-03
  -4.7011926e-02
  -8.7958936e-02
   9.2642487e-02
   1.0210643e-01
   1.0625330e-01
   1.0878567e-01
   1.1352079e-01
   1.2827018e-01
   1.4035053e-01
   1.3354777e-01
   1.2533502e-01
   1.1360662e-01
   1.0238241e-01
   1.0510459e-01
   1.1216812e-01
   1.1504316e-01
   1.2040571e-01
   1.2688124e-01
   1.2602268e-01
   1.2463330e-01
   1.5266854e-01
   1.2790095e-01
   8.5495662e-02
   8.8973011e-02
   1.0228070e-01
   1.1086103e-01
   1.1367744e-01
   1.1752122e-01
   1.2435767e-01
   1.2931900e-01
   1.3737944e-01
   1.3377992e-01
   1.2724622e-01
   1.2752781e-01
   1.1860765e-01
   1.1683677e-01
   1.1141004e-01
   9.7113996e-02
   1.6663145e-01
   1.6900229e-01
   1.6125824e-01
   1.4088306e-01
   1.4627579e-01
   1.4040445e-01
   1.3756147e-01
   1.1807273e-01
   1.1879793e-01
   1.0722332e-01
   1.0287218e-01
   1.0324401e-01
   1.1425223e-01
   1.2469027e-01
   1.3204512e-01
   1.4619935e-01
   1.5174607e-01
   1.5391804e-01
   2.2549461e-01
   1.9771575e-01
   1.2835065e-01
   1.2195958e-01
   1.4225036e-01
   1.5729442e-01
   1.6205806e-01
   1.7390360e-01
   1.7871306e-01
   1.8374797e-01
   1.9126243e-01
   1.8860808e-01
   1.8867320e-01
   2.0290915e-01
   1.9644248e-01
   2.0342292e-01
   1.9613068e-01
   1.7879709e-01
   1.9693243e-01
   1.8289850e-01
   1.6528562e-01
   1.4316732e-01
   1.3846763e-01
   1.1115644e-01
   1.4089702e-01
   9.4596586e-02
   9.1866885e-02
   9.1456615e-02
   8.9089403e-02
   9.5987268e-02
   1.0395837e-01
   1.1197851e-01
   1.1915590e-01
   1.3397172e-01
   1.4311730e-01
   1.3916353e-01
   2.0228043e-01
   0.0000000e+00
   9.6797564e-02
   1.2785779e-01
   1.4995061e-01
   1.6248451e-01
   1.6318117e-01
   1.8684948e-01
   1.8204547e-01
   1.8793286e-01
   1.7722588e-01
   1.6911317e-01
   1.7457188e-01
   1.9491591e-01
   1.9257779e-01
   2.1139204e-01
   2.2052478e-01
   2.0744494e-01
   1.8460415e-01
   1.5667019e-01
   1.3161008e-01
   1.1051587e-01
   2.0310720e-01
   7.4538748e-02
   7.3209333e-02
   1.1710696e-01
   6.7018238e-02
   6.9451571e-02
   7.1160310e-02
   7.5605590e-02
   8.0675081e-02
   8.5798119e-02
   9.3329945e-02
   1.0512580e-01
   1.1377313e-01
   1.0829856e-01
   1.3591669e-01
   0.0000000e+00
   7.5242505e-02
   9.7363550e-02
   1.2136507e-01
   1.3602795e-01
   1.3976390e-01
   1.7032066e-01
   1.6029694e-01
   1.3999626e-01
   1.0780505e-01
   1.0199684e-01
   1.1743289e-01
   1.4358942e-01
   1.5744773e-01
   1.6631213e-01
   1.7966209e-01
   1.9243706e-01
   1.2860108e-01
   9.9688611e-02
   7.4488390e-02
   7.1706867e-02
   1.9001232e-01
   4.6879332e-02
   4.1491346e-02
   8.2987678e-02
   5.0343879e-02
   5.1553815e-02
   5.2289290e-02
   5.3995889e-02
   5.5159641e-02
   5.8726415e-02
   6.5181888e-02
   7.3271628e-02
   7.8287825e-02
   7.0285946e-02
   1.5365524e-01
   0.0000000e+00
   4.4641136e-02
   5.2400688e-02
   7.5882711e-02
   8.8626823e-02
   9.8526861e-02
   1.2310694e-01
   1.1574947e-01
   9.2928023e-02
   6.9858780e-02
   5.0333644e-02
   6.6839264e-02
   8.3118355e-02
   1.0036435e-01
   1.1460435e-01
   1.2916095e-01
   1.3893518e-01
   6.0646672e-02
   4.5600094e-02
   1.0989779e-02
   3.9795900e-02
   0.0000000e+00
   2.5766119e-02
   1.9043007e-02
   3.1394155e-02
   2.9878672e-02
   2.8709015e-02
   2.8446717e-02
   2.7811118e-02
   2.8671780e-02
   3.3059820e-02
   3.8287240e-02
   4.2141324e-02
   4.3008516e-02
   3.1976393e-02
   6.5568830e-02
   0.0000000e+00
  -0.0000000e+00
   1.2773797e-02
   3.0451039e-02
   4.3317452e-02
   5.3090551e-02
   6.0771335e-02
   4.9741456e-02
   2.4119065e-02
   3.7403062e-02
   4.7049686e-03
   1.2038519e-02
   2.5521922e-02
   4.0110052e-02
   5.3750700e-02
   6.5560718e-02
   6.9397811e-02
  -8.1858387e-04
  -1.0211035e-02
  -0.0000000e+00
  -0.0000000e+00
  -0.0000000e+00
  -6.3925035e-03
  -5.9661274e-03
  -3.7895087e-03
  -4.0632638e-03
  -3.7746406e-03
  -2.2858650e-03
  -1.1586408e-03
   2.1703662e-03
   7.1099473e-03
   1.0627741e-02
   1.0403516e-02
   6.0225652e-03
  -3.7367537e-03
   3.8213660e-02
  -0.0000000e+00
  -0.0000000e+00
  -3.0502621e-02
  -2.2567976e-03
   6.7056364e-03
   9.8111933e-03
   6.7747222e-03
  -1.0388266e-02
  -2.0633390e-03
   0.0000000e+00
  -3.2644174e-02
  -3.2258578e-02
  -1.9225997e-02
  -1.2069109e-02
  -4.4982326e-03
   3.2292360e-03
   5.6850838e-03
  -4.2573664e-02
  -0.0000000e+00
  -0.0000000e+00
  -0.0000000e+00
  -0.0000000e+00
  -5.0820697e-02
  -3.9693853e-02
  -3.8203904e-02
  -3.6910214e-02
  -3.3800540e-02
  -2.9928094e-02
  -2.6043428e-02
  -2.0573788e-02
  -1.7201461e-02
  -1.7159156e-02
  -2.2198419e-02
  -3.0787823e-02
  -3.5763823e-02
   2.2537868e-02
  -0.0000000e+00
  -0.0000000e+00
  -8.6891985e-02
  -2.3184928e-02
  -2.2670619e-02
  -2.6505395e-02
  -3.4923117e-02
  -4.9406115e-02
  -1.4249632e-02
  -0.0000000e+00
  -4.6617789e-02
  -6.5417061e-02
  -4.9111054e-02
  -5.3353031e-02
  -5.2638930e-02
  -4.9891563e-02
  -4.7632346e-02
  -6.1341714e-02
  -0.0000000e+00
  -0.0000000e+00
  -0.0000000e+00
  -0.0000000e+00
  -7.5994950e-02
  -7.6397145e-02
  -6.1613408e-02
  -5.7345810e-02
  -5.2482110e-02
  -4.6606524e-02
  -4.2261461e-02
  -3.8580241e-02
  -4.0466868e-02
  -4.4583721e-02
  -5.1483183e-02
  -6.0655745e-02
  -5.7484751e-02
   4.5408651e-03
  -0.0000000e+00
  -0.0000000e+00
  -1.2497647e-01
  -4.3004923e-02
  -4.8172463e-02
  -5.6864801e-02
  -6.4691849e-02
  -6.3336520e-02
  -1.2033091e-03
  -0.0000000e+00
  -6.4875929e-02
  -1.0709188e-01
  -6.5926905e-02
  -8.4067396e-02
  -8.9948285e-02
  -9.1033235e-02
  -8.4361161e-02
  -6.3587752e-02
  -1.4567281e-02
  -0.0000000e+00
  -0.0000000e+00
  -0.0000000e+00
  -7.2852505e-02
  -9.9156364e-02
  -7.0752433e-02
  -6.2319128e-02
  -5.6545916e-02
  -5.1307714e-02
  -5.0218434e-02
  -5.3515655e-02
  -6.1525943e-02
  -6.9819487e-02
  -7.6096625e-02
  -7.8633323e-02
  -6.7956598e-02
   8.5916095e-03
  -0.0000000e+00
  -0.0000000e+00
  -0.0000000e+00
  -8.1119800e-02
  -6.9207249e-02
  -7.7478669e-02
  -7.8114899e-02
  -5.6543636e-02
  -0.0000000e+00
  -0.0000000e+00
  -7.3672697e-02
  -9.6398069e-02
  -7.7358681e-02
  -1.0090339e-01
  -1.1172852e-01
  -1.1394655e-01
  -1.0277376e-01
  -5.8493903e-02
  -8.1541002e-03
  -0.0000000e+00
  -0.0000000e+00
  -0.0000000e+00
  -6.1770669e-02
  -7.8867506e-02
  -6.0482297e-02
  -5.2355851e-02
  -4.9564236e-02
  -4.9107566e-02
  -5.3376018e-02
  -6.3324286e-02
  -7.6758148e-02
  -8.6806949e-02
  -8.9375789e-02
  -8.3343977e-02
  -6.6936713e-02
   2.2361141e-02
  -0.0000000e+00
  -0.0000000e+00
  -0.0000000e+00
  -1.0195621e-01
  -8.0122456e-02
  -8.6224460e-02
  -7.5097368e-02
  -3.6054014e-02
   0.0000000e+00
  -0.0000000e+00
  -0.0000000e+00
  -7.9062562e-02
  -9.3626212e-02
  -9.6615979e-02
  -1.0842799e-01
  -1.1415704e-01
  -1.0267501e-01
  -4.6235491e-02
  -4.4157937e-03
   0.0000000e+00
  -0.0000000e+00
  -1.1333503e-01
  -4.3141456e-02
  -4.7198809e-02
  -3.7718703e-02
  -3.8451581e-02
  -4.0958576e-02
  -4.5264983e-02
  -5.3839852e-02
  -6.7659098e-02
  -8.1776275e-02
  -9.1573621e-02
  -9.1039629e-02
  -7.8448133e-02
  -5.2565033e-02
   7.5138547e-04
  -0.0000000e+00
  -0.0000000e+00
  -0.0000000e+00
  -1.2349828e-01
  -7.4623027e-02
  -7.6799190e-02
  -5.9997403e-02
  -1.8386733e-02
   0.0000000e+00
  -0.0000000e+00
  -0.0000000e+00
  -6.1694039e-02
  -7.5940617e-02
  -7.5027126e-02
  -8.3042078e-02
  -8.7710559e-02
  -8.0803517e-02
  -2.1458579e-02
   1.2420267e-03
   2.4338844e-02
  -0.0000000e+00
  -8.2670541e-02
  -2.8724709e-02
  -2.8138518e-02
  -2.4468647e-02
  -2.9042246e-02
  -3.5966938e-02
  -4.2738121e-02
  -5.3090681e-02
  -6.7129401e-02
  -7.9322074e-02
  -8.5084204e-02
  -8.0823488e-02
  -6.5116927e-02
  -2.9688533e-02
  -0.0000000e+00
  -0.0000000e+00
  -0.0000000e+00
  -0.0000000e+00
  -9.5143075e-02
  -5.8106878e-02
  -5.7771352e-02
  -3.9489069e-02
  -7.0259847e-03
   0.0000000e+00
  -0.0000000e+00
  -0.0000000e+00
  -4.0531545e-02
  -4.1690345e-02
  -4.5692450e-02
  -4.8566651e-02
  -4.7035701e-02
  -4.2550884e-02
   1.7342344e-02
   6.1067436e-03
   5.4952966e-03
  -0.0000000e+00
  -0.0000000e+00
  -1.4459807e-02
  -1.9620838e-02
  -2.3907405e-02
  -3.1044990e-02
  -3.9294522e-02
  -4.7068718e-02
  -5.3731604e-02
  -6.0638284e-02
  -6.6700994e-02
  -6.9063330e-02
  -6.2388873e-02
  -4.5642050e-02
  -1.2964884e-02
  -0.0000000e+00
  -0.0000000e+00
  -0.0000000e+00
  -0.0000000e+00
  -8.0747340e-02
  -3.7003213e-02
  -3.4933418e-02
  -2.0995666e-02
   1.0692184e-03
   0.0000000e+00
  -0.0000000e+00
  -0.0000000e+00
  -3.9239875e-02
  -1.9957710e-02
  -1.8222680e-02
  -1.8182495e-02
  -7.5976013e-03
  -4.7633754e-03
   0.0000000e+00
   0.0000000e+00
   9.2096218e-03
   1.4761110e-03
  -2.0162488e-02
  -2.0125784e-02
  -2.6507789e-02
  -3.4245774e-02
  -4.2676676e-02
  -5.0898245e-02
  -5.8204716e-02
  -6.2444461e-02
  -6.2458009e-02
  -5.8324910e-02
  -5.0460961e-02
  -3.8487686e-02
  -2.5621873e-02
   4.7607067e-03
  -0.0000000e+00
  -0.0000000e+00
  -0.0000000e+00
  -0.0000000e+00
  -4.4695032e-02
  -1.9280713e-02
  -1.5088500e-02
  -5.8157659e-03
   1.0987971e-02
   0.0000000e+00
  -0.0000000e+00
  -0.0000000e+00
  -3.1590414e-02
  -5.8325161e-03
   2.0252588e-03
   1.0494821e-02
   1.9739792e-02
   1.8845273e-02
   0.0000000e+00
   0.0000000e+00
  -1.4997584e-03
  -6.3680085e-03
  -2.2552741e-02
  -2.5605501e-02
  -3.1992381e-02
  -3.9687197e-02
  -4.5533148e-02
  -5.1305653e-02
  -5.6379062e-02
  -5.7133363e-02
  -5.5008812e-02
  -5.1538732e-02
  -4.3596489e-02
  -2.9886703e-02
  -1.6837277e-02
   1.0307638e-02
  -0.0000000e+00
  -0.0000000e+00
  -0.0000000e+00
  -0.0000000e+00
  -2.7682822e-02
  -8.8195741e-03
  -1.4602049e-03
   5.9491779e-03
   2.0307185e-02
   0.0000000e+00
   0.0000000e+00
  -0.0000000e+00
  -4.3422603e-02
   2.6022574e-03
   1.0607690e-02
   2.5150156e-02
   3.7552782e-02
   3.1677589e-02
   0.0000000e+00
  -0.0000000e+00
  -8.8875500e-03
  -1.7504024e-02
  -2.7374651e-02
  -3.2534450e-02
  -3.8931716e-02
  -4.3240866e-02
  -4.6678933e-02
  -5.0403457e-02
  -5.4430367e-02
  -5.5542115e-02
  -5.3502841e-02
  -4.9454710e-02
  -4.1682641e-02
  -2.8314368e-02
  -1.3603369e-02
   1.5003928e-03
  -0.0000000e+00
  -0.0000000e+00
  -0.0000000e+00
  -7.3685148e-02
  -2.7810712e-02
  -5.3037017e-03
   8.6412685e-03
   2.6259719e-02
   3.9334581e-02
   0.0000000e+00
   0.0000000e+00
  -0.0000000e+00
  -4.2175638e-02
   1.0452125e-02
   1.5116426e-02
   3.4877903e-02
   5.0380757e-02
   3.9571536e-02
  -0.0000000e+00
  -1.7920864e-02
  -3.4087430e-02
  -2.6769372e-02
  -3.8045085e-02
  -4.5250193e-02
  -5.1554511e-02
  -5.3331506e-02
  -5.2349384e-02
  -5.2293442e-02
  -5.2439468e-02
  -5.0764288e-02
  -4.6261602e-02
  -4.0072886e-02
  -3.3906647e-02
  -2.8663382e-02
  -2.3538928e-02
  -2.8718461e-02
  -0.0000000e+00
  -0.0000000e+00
  -0.0000000e+00
  -6.6727460e-02
  -4.0753739e-02
  -9.3239583e-03
   2.9051612e-02
   5.8411474e-02
   5.1369083e-02
   0.0000000e+00
   0.0000000e+00
  -0.0000000e+00
  -0.0000000e+00
   1.9086440e-02
   2.1781843e-02
   6.9278418e-02
   7.1366121e-02
   3.5008722e-02
  -0.0000000e+00
  -2.5994373e-02
  -5.7325896e-02
  -4.0300590e-02
  -5.3476507e-02
  -6.4580140e-02
  -7.2103516e-02
  -7.4077849e-02
  -7.2227879e-02
  -6.9712441e-02
  -6.8175565e-02
  -6.4503942e-02
  -5.7031632e-02
  -4.5745158e-02
  -3.5923745e-02
  -3.3439465e-02
  -3.3353235e-02
  -1.9695138e-01
  -0.0000000e+00
  -0.0000000e+00
  -1.1959588e-01
  -8.8011900e-02
  -6.3926548e-02
  -2.3611558e-02
   4.0765261e-02
   0.0000000e+00
   0.0000000e+00
   0.0000000e+00
  -0.0000000e+00
  -0.0000000e+00
  -0.0000000e+00
   2.3445718e-02
   3.2067528e-02
   9.9456957e-02
   4.3849652e-02
   3.9142948e-02
  -0.0000000e+00
  -3.1198279e-02
  -8.9120998e-02
  -5.3233494e-02
  -6.6533208e-02
  -8.0576676e-02
  -8.9768845e-02
  -9.4406496e-02
  -9.4988204e-02
  -9.5995843e-02
  -9.8201506e-02
  -9.4108971e-02
  -8.3345596e-02
  -6.0840186e-02
  -3.4472362e-02
  -3.0717392e-02
  -6.4792985e-02
  -2.4044224e-01
  -1.8524759e-01
  -1.7422523e-01
  -1.1589097e-01
  -1.0911690e-01
  -8.7854069e-02
  -4.4953160e-02
  -0.0000000e+00
  -0.0000000e+00
  -0.0000000e+00
  -0.0000000e+00
  -0.0000000e+00
  -0.0000000e+00
  -0.0000000e+00
   1.7553661e-02
   4.6173903e-02
   1.1202865e-01
   2.6070782e-02
   2.8485024e-02
  -0.0000000e+00
  -5.3326595e-02
  -1.0640614e-01
  -5.9885066e-02
  -7.1437268e-02
  -8.6498379e-02
  -9.8438182e-02
  -1.0580815e-01
  -1.0847180e-01
  -1.0661382e-01
  -1.1207407e-01
  -1.0933112e-01
  -9.8962490e-02
  -6.9294038e-02
  -3.0253230e-02
  -1.9882782e-02
  -1.6934258e-01
  -0.0000000e+00
  -1.4512145e-01
  -1.4887317e-01
  -1.1907647e-01
  -1.1779612e-01
  -1.0322740e-01
  -6.8119826e-02
  -0.0000000e+00
  -0.0000000e+00
  -0.0000000e+00
  -0.0000000e+00
  -0.0000000e+00
  -0.0000000e+00
  -0.0000000e+00
   1.1703720e-02
   5.1956578e-02
   0.0000000e+00
   2.8787640e-02
   1.8980448e-02
  -0.0000000e+00
  -8.4184681e-02
  -8.9371014e-02
  -5.8666151e-02
  -6.5993288e-02
  -8.1571351e-02
  -9.6163833e-02
  -1.0494812e-01
  -1.0634733e-01
  -1.0105469e-01
  -1.0538801e-01
  -1.0885813e-01
  -9.9219789e-02
  -6.5867974e-02
  -1.9102680e-02
   2.3333846e-03
  -0.0000000e+00
  -1.4146462e-01
  -1.5027871e-01
  -1.5209482e-01
  -1.0759619e-01
  -1.1220011e-01
  -1.0722675e-01
  -8.3596029e-02
  -0.0000000e+00
  -0.0000000e+00
  -0.0000000e+00
  -0.0000000e+00
  -0.0000000e+00
  -0.0000000e+00
  -0.0000000e+00
   1.0493175e-02
   4.8235307e-02
   0.0000000e+00
   0.0000000e+00
   0.0000000e+00
  -0.0000000e+00
  -1.1086749e-01
  -6.5202529e-02
  -4.7143316e-02
  -5.0507634e-02
  -6.2612846e-02
  -7.6058395e-02
  -8.4121544e-02
  -8.6088132e-02
  -8.5265220e-02
  -8.8856132e-02
  -9.0439502e-02
  -8.0178202e-02
  -4.7506833e-02
   3.5663391e-03
   0.0000000e+00
  -9.6503132e-02
  -9.8348501e-02
  -8.6939658e-02
  -6.8919953e-02
  -7.8636427e-02
  -8.9091720e-02
  -9.2951377e-02
  -8.7283774e-02
  -0.0000000e+00
  -0.0000000e+00
  -0.0000000e+00
  -0.0000000e+00
  -0.0000000e+00
  -0.0000000e+00
  -0.0000000e+00
   0.0000000e+00
   0.0000000e+00
   0.0000000e+00
   0.0000000e+00
   0.0000000e+00
  -0.0000000e+00
  -0.0000000e+00
  -3.4807774e-02
  -2.0882375e-02
  -2.0662845e-02
  -2.8661568e-02
  -3.8764167e-02
  -4.5401005e-02
  -4.7809006e-02
  -4.9724170e-02
  -5.3257500e-02
  -5.7678589e-02
  -5.1944278e-02
  -2.1281472e-02
   4.3182408e-02
   0.0000000e+00
  -7.1937902e-02
  -2.9798775e-02
  -3.2031995e-02
  -2.8483572e-02
  -3.8074816e-02
  -5.2895018e-02
  -6.4068590e-02
  -7.0695720e-02
  -4.2458613e-02
  -0.0000000e+00
  -0.0000000e+00
  -0.0000000e+00
  -0.0000000e+00
   0.0000000e+00
   0.0000000e+00
   0.0000000e+00
   0.0000000e+00
   0.0000000e+00
   0.0000000e+00
   0.0000000e+00
  -0.0000000e+00
  -0.0000000e+00
  -2.3645455e-03
   1.9416675e-02
   2.2487612e-02
   1.9057635e-02
   1.0977815e-02
   4.2436836e-03
   1.7966843e-03
  -2.0416923e-03
  -9.9010164e-03
  -1.7405417e-02
  -1.6901471e-02
   1.0364575e-02
   6.3004029e-02
   0.0000000e+00
  -0.0000000e+00
   1.7346510e-02
   2.6115314e-02
   2.9068682e-02
   1.6098854e-02
  -4.4042023e-03
  -2.3796921e-02
  -3.7077777e-02
  -2.1158649e-02
   0.0000000e+00
  -0.0000000e+00
  -0.0000000e+00
   0.0000000e+00
   0.0000000e+00
   0.0000000e+00
   0.0000000e+00
   0.0000000e+00
   0.0000000e+00
   0.0000000e+00
   0.0000000e+00
  -0.0000000e+00
  -0.0000000e+00
   0.0000000e+00
   1.0542766e-01
   6.3024804e-02
   5.9709850e-02
   5.5262072e-02
   4.9732602e-02
   4.7535028e-02
   4.0494448e-02
   3.3231171e-02
   2.4978277e-02
   1.8573477e-02
   4.0735526e-02
   0.0000000e+00
   0.0000000e+00
  -0.0000000e+00
   0.0000000e+00
   1.2082320e-01
   1.0388956e-01
   8.7555363e-02
   5.6211601e-02
   2.7546839e-02
   4.3155860e-03
  -2.7122365e-03
   0.0000000e+00
   0.0000000e+00
   0.0000000e+00
   0.0000000e+00
   0.0000000e+00
   0.0000000e+00
  -0.0000000e+00
   0.0000000e+00
   0.0000000e+00
   0.0000000e+00
   0.0000000e+00
   0.0000000e+00
   0.0000000e+00
   0.0000000e+00
   1.1360708e-01
   1.0299204e-01
   7.0534481e-02
   7.8386241e-02
   7.9755022e-02
   7.8325434e-02
   7.2588021e-02
   6.6876119e-02
   5.8301775e-02
   4.5275659e-02
   1.0378020e-01
   0.0000000e+00
   0.0000000e+00
   0.0000000e+00
   0.0000000e+00
   1.9021042e-01
   1.4350230e-01
   1.4117311e-01
   1.0935190e-01
   8.4497891e-02
   5.3581252e-02
   2.9392455e-02
   0.0000000e+00
   0.0000000e+00
   0.0000000e+00
   0.0000000e+00
   0.0000000e+00
   0.0000000e+00
  -0.0000000e+00
   0.0000000e+00
   0.0000000e+00
   0.0000000e+00
   0.0000000e+00
   0.0000000e+00
   0.0000000e+00
   0.0000000e+00
   8.9981336e-02
   9.6885385e-02
   7.3454569e-02
   9.0161852e-02
   9.6773111e-02
   9.7419099e-02
   9.4294608e-02
   8.7549310e-02
   7.7061410e-02
   5.8525719e-02
   1.1834590e-01
   0.0000000e+00
   0.0000000e+00
   0.0000000e+00
  -0.0000000e+00
   0.0000000e+00
   6.6127496e-02
   1.3276913e-01
   1.2286378e-01
   1.2850000e-01
   1.0022839e-01
   5.9325122e-02
   0.0000000e+00
   0.0000000e+00
   0.0000000e+00
   0.0000000e+00
   0.0000000e+00
   0.0000000e+00
  -0.0000000e+00
   0.0000000e+00
   0.0000000e+00
   0.0000000e+00
   0.0000000e+00
   0.0000000e+00
   0.0000000e+00
   0.0000000e+00
   1.2255751e-01
   7.0637251e-02
   7.2078187e-02
   8.2186594e-02
   8.9971376e-02
   9.3792051e-02
   9.2289781e-02
   8.5783164e-02
   7.3761727e-02
   4.2459263e-02
  -6.8020225e-02
  -0.0000000e+00
   0.0000000e+00
  -0.0000000e+00
  -0.0000000e+00
   0.0000000e+00
   0.0000000e+00
   4.2015617e-02
   1.1646347e-01
   1.4379239e-01
   1.2822649e-01
   9.0442418e-02
   8.6715640e-02
   0.0000000e+00
   0.0000000e+00
   0.0000000e+00
   0.0000000e+00
  -0.0000000e+00
   0.0000000e+00
   0.0000000e+00
   0.0000000e+00
   0.0000000e+00
   0.0000000e+00
   0.0000000e+00
   0.0000000e+00
   0.0000000e+00
   0.0000000e+00
   6.9174549e-02
   2.4711619e-02
   2.8667465e-02
   4.4429973e-02
   4.9555984e-02
   4.6546300e-02
   4.9438125e-02
   4.1456132e-02
  -4.2307870e-02
  -0.0000000e+00
  -0.0000000e+00
   0.0000000e+00
  -0.0000000e+00
   0.0000000e+00
   0.0000000e+00
   0.0000000e+00
   0.0000000e+00
   9.6270135e-02
   1.2765451e-01
   1.2711173e-01
   8.9004651e-02
   2.1226281e-02
   0.0000000e+00
   0.0000000e+00
   0.0000000e+00
   0.0000000e+00
   0.0000000e+00
   0.0000000e+00
   0.0000000e+00
   0.0000000e+00
   0.0000000e+00
   0.0000000e+00
   0.0000000e+00
   0.0000000e+00
   0.0000000e+00
   0.0000000e+00
  -1.6396156e-02
  -5.6236960e-02
  -4.8523898e-02
  -4.4989711e-02
  -3.6253708e-02
  -5.0016856e-02
  -5.7288735e-02
  -4.1991692e-02
  -1.1109997e-01
  -0.0000000e+00
   0.0000000e+00
   0.0000000e+00
   0.0000000e+00
   0.0000000e+00
   0.0000000e+00
   0.0000000e+00
   1.3481961e-01
   4.2119995e-02
   6.3944474e-02
   7.1215901e-02
   4.3324511e-02
  -0.0000000e+00
  -0.0000000e+00
  -0.0000000e+00
  -0.0000000e+00
  -0.0000000e+00
   0.0000000e+00
   0.0000000e+00
   0.0000000e+00
   0.0000000e+00
   0.0000000e+00
   0.0000000e+00
   0.0000000e+00
   0.0000000e+00
   0.0000000e+00
  -0.0000000e+00
  -0.0000000e+00
  -0.0000000e+00
  -0.0000000e+00
  -1.0055187e-01
  -1.1391128e-01
  -0.0000000e+00
  -0.0000000e+00
  -0.0000000e+00
  -0.0000000e+00
   0.0000000e+00
   0.0000000e+00
   0.0000000e+00
   0.0000000e+00
   0.0000000e+00
   0.0000000e+00
   0.0000000e+00
   3.0710674e-02
  -1.0335783e-01
  -9.9353195e-02
  -9.6719042e-02
  -8.5233696e-02
  -2.2062184e-02
  -0.0000000e+00
   0.0000000e+00
   0.0000000e+00
   0.0000000e+00
   0.0000000e+00
   0.0000000e+00
   0.0000000e+00
   0.0000000e+00
   0.0000000e+00
   0.0000000e+00
  -0.0000000e+00
  -0.0000000e+00
  -0.0000000e+00
  -0.0000000e+00
  -0.0000000e+00
  -0.0000000e+00
  -0.0000000e+00
  -0.0000000e+00
  -0.0000000e+00
  -0.0000000e+00
  -0.0000000e+00
  -0.0000000e+00
  -0.0000000e+00
   0.0000000e+00
   0.0000000e+00
   0.0000000e+00
   0.0000000e+00
   0.0000000e+00
   0.0000000e+00
   0.0000000e+00
  -0.0000000e+00
  -0.0000000e+00
  -6.6672256e-03
  -1.8561132e-02
  -3.4448581e-02
  -2.2950392e-02
   2.8136638e-03
   0.0000000e+00
   0.0000000e+00
   0.0000000e+00
  -0.0000000e+00
  -0.0000000e+00
  -0.0000000e+00
  -0.0000000e+00
  -0.0000000e+00
  -0.0000000e+00
   0.0000000e+00
  -0.0000000e+00
  -0.0000000e+00
  -0.0000000e+00
  -0.0000000e+00
  -0.0000000e+00
  -0.0000000e+00
  -0.0000000e+00
  -0.0000000e+00
  -0.0000000e+00
  -0.0000000e+00
  -0.0000000e+00
  -0.0000000e+00
   0.0000000e+00
   0.0000000e+00
   0.0000000e+00
   0.0000000e+00
   0.0000000e+00
   0.0000000e+00
  -0.0000000e+00
   0.0000000e+00
   0.0000000e+00
   0.0000000e+00
   0.0000000e+00
   4.6750557e-02
   1.1223390e-02
  -1.0398200e-02
  -1.9043399e-02
  -0.0000000e+00
   0.0000000e+00
   0.0000000e+00
   0.0000000e+00
   0.0000000e+00
   0.0000000e+00
   0.0000000e+00
   0.0000000e+00
