   0.0000000e+00
   0.0000000e+00
   0.0000000e+00
   0.0000000e+00
   0.0000000e+00
   0.0000000e+00
   0.0000000e+00
   1.2445124e-01
   5.0846595e-02
   1.0785683e-02
  -1.1777057e-02
  -0.0000000e+00
  -0.0000000e+00
   0.0000000e+00
   0.0000000e+00
   0.0000000e+00
   0.0000000e+00
   0.0000000e+00
   0.0000000e+00
   0.0000000e+00
   0.0000000e+00
   0.0000000e+00
   0.0000000e+00
   0.0000000e+00
   0.0000000e+00
   0.0000000e+00
   0.0000000e+00
   0.0000000e+00
   0.0000000e+00
   0.0000000e+00
   0.0000000e+00
   0.0000000e+00
   0.0000000e+00
   0.0000000e+00
   0.0000000e+00
   0.0000000e+00
   5.5084176e-02
   5.5907247e-02
   3.2294144e-02
   3.0393153e-02
   2.9672166e-02
   6.1171485e-03
   6.5851182e-03
   6.7233230e-04
  -9.1359245e-03
  -1.3104754e-02
  -1.3801117e-02
  -9.1622966e-03
  -2.3699850e-03
   6.1294736e-03
   1.3531179e-02
   1.4350452e-02
   9.0579462e-03
  -1.7708988e-03
  -1.7048344e-02
  -0.0000000e+00
   4.6317764e-02
   2.6090482e-02
   2.0380358e-02
   1.7215074e-02
   1.2078286e-02
   8.4504169e-03
   7.2186938e-03
   5.2509719e-03
   1.8016796e-03
  -4.4116226e-03
  -8.6562029e-03
   4.4310922e-02
   7.0944987e-02
   3.0303607e-02
   1.2366725e-02
   3.2325494e-02
  -1.7214672e-02
  -2.8479204e-02
  -3.8452861e-02
  -4.7105425e-02
  -4.5450906e-02
  -3.0048729e-02
  -2.1966216e-02
  -1.9314018e-02
  -1.3835909e-02
  -9.9259570e-03
  -1.0158072e-02
  -6.1380797e-03
  -2.2141315e-03
   1.7305117e-03
   3.3527996e-03
   1.1845373e-03
  -5.8617000e-03
  -1.7564332e-02
  -5.0899368e-02
  -1.2440075e-02
   3.7207357e-03
   1.6969221e-03
   3.5635823e-03
   3.2110085e-03
  -4.7821565e-03
  -1.3534110e-02
  -1.7703093e-02
  -2.4239920e-02
  -2.4663968e-02
  -2.3224667e-02
  -2.0482653e-02
  -4.8298433e-03
   4.6916897e-03
   6.5973205e-03
   4.0925472e-03
  -5.9516132e-03
  -3.4111050e-02
  -4.4311242e-02
  -5.5326560e-02
  -5.7100881e-02
  -4.3748345e-02
  -3.1707179e-02
  -2.5107592e-02
  -1.5050649e-02
  -4.0014323e-03
  -3.5963683e-03
  -4.5157699e-03
  -4.2220011e-03
  -4.0464232e-03
  -8.1996217e-03
  -1.1546826e-02
  -1.4825496e-02
  -1.9784211e-02
  -3.3577839e-02
  -1.2023995e-01
  -1.7686661e-02
  -1.3284213e-02
  -1.0202541e-02
  -5.6280492e-03
  -1.2173321e-02
  -2.5716425e-02
  -2.8611108e-02
  -2.9433518e-02
  -3.3168429e-02
  -3.6430335e-02
  -4.1133917e-02
  -3.6075393e-02
  -2.0700493e-02
  -1.5792649e-02
  -6.7480241e-03
  -4.5439539e-03
  -1.7446056e-02
  -2.8297755e-02
  -3.8560185e-02
  -4.6886002e-02
  -4.4543060e-02
  -3.0751351e-02
  -1.6020835e-02
  -3.8235766e-02
  -5.6215023e-03
   3.8369942e-03
  -2.8668784e-03
  -5.1457685e-03
  -8.3184506e-03
  -1.3036279e-02
  -1.7705798e-02
  -1.9300790e-02
  -2.0296897e-02
  -2.3605212e-02
  -3.1995734e-02
  -1.1521045e-01
  -0.0000000e+00
  -1.7995024e-02
  -1.6018035e-02
  -1.7370811e-02
  -2.4600316e-02
  -3.4812029e-02
  -2.5330196e-02
  -2.6579330e-02
  -3.1560959e-02
  -3.6776598e-02
  -3.9189104e-02
  -3.4893848e-02
  -1.9276547e-02
  -1.4053252e-02
  -1.1547290e-02
  -1.3586787e-02
  -2.3778801e-02
  -1.6870725e-02
  -2.3201530e-02
  -2.8612093e-02
  -2.1505333e-02
  -4.8442791e-02
  -4.4071809e-03
  -9.6954710e-03
  -3.5644007e-02
   6.3462975e-03
   3.7391133e-04
  -3.8785159e-03
  -9.2695386e-03
  -1.4161902e-02
  -1.7902151e-02
  -1.8478100e-02
  -1.9006401e-02
  -2.0789519e-02
  -1.9633385e-02
  -5.8596067e-02
  -0.0000000e+00
  -1.7434009e-02
  -1.5826096e-02
  -1.7772922e-02
  -2.7258297e-02
  -3.2606470e-02
  -1.8379650e-02
  -1.4611571e-02
  -6.9151778e-03
  -3.3089828e-03
  -1.3616781e-02
  -1.4447788e-02
  -7.6171768e-03
  -8.0652442e-03
  -5.6920317e-03
  -8.1048973e-03
  -1.0188915e-02
   6.2170560e-04
   6.7104566e-03
  -5.3053423e-03
   6.0069862e-03
  -3.1834119e-02
   5.1681073e-03
   7.8120541e-03
  -1.2387468e-02
   3.0124065e-03
   2.0286215e-04
  -3.3030780e-03
  -7.3453548e-03
  -9.7024835e-03
  -1.2628373e-02
  -1.4242486e-02
  -1.5836620e-02
  -1.4326672e-02
  -2.3090400e-03
   7.0640569e-04
  -0.0000000e+00
  -2.2962390e-02
  -1.4888790e-02
  -1.6738801e-02
  -2.4107926e-02
  -1.9068308e-02
  -8.8726460e-03
   2.7631575e-03
   1.6233046e-02
   1.6233150e-02
  -8.8430606e-03
  -9.0382132e-03
  -7.2486667e-03
  -5.5931886e-03
  -2.7660211e-03
   7.5558256e-04
   4.1325780e-04
   3.0145471e-02
   5.1021838e-02
   2.7879979e-02
   3.9496411e-02
   0.0000000e+00
   7.6223699e-03
   1.1387678e-02
   9.8976168e-03
   3.7288596e-03
   3.0822859e-03
   1.2926120e-03
  -8.6781269e-04
  -3.2179382e-03
  -7.1088477e-03
  -1.0591237e-02
  -1.1674057e-02
  -6.3294055e-03
   1.6049882e-02
   3.3050179e-02
  -0.0000000e+00
  -0.0000000e+00
  -1.4318955e-02
  -1.4547263e-02
  -1.5667102e-02
  -7.2466732e-03
   4.3029164e-03
   2.2626934e-02
   5.4166592e-02
   3.1727453e-02
  -7.5745744e-03
  -4.1120767e-03
  -5.5819610e-03
  -1.7854936e-03
   3.4182069e-03
   9.5438388e-03
   1.3254646e-02
   6.0935554e-02
   7.8371132e-02
   0.0000000e+00
   0.0000000e+00
   0.0000000e+00
   8.3319013e-03
   1.4001291e-02
   1.3323655e-02
   1.0569116e-02
   1.1086192e-02
   9.2493426e-03
   6.7074773e-03
   2.1872744e-03
  -4.1292347e-03
  -7.6970968e-03
  -6.8984149e-03
   2.0674908e-03
   3.0498954e-02
   5.5917976e-02
  -0.0000000e+00
  -0.0000000e+00
  -1.3640765e-02
  -1.4284830e-02
  -7.9289101e-03
   1.7703204e-03
   1.6055856e-02
   4.7245947e-02
   7.8801157e-02
  -0.0000000e+00
  -7.9450609e-04
   2.9737667e-03
  -6.4920138e-04
   5.9741896e-03
   1.3114141e-02
   1.9893473e-02
   2.9101205e-02
   8.2825786e-02
   0.0000000e+00
   0.0000000e+00
   0.0000000e+00
   0.0000000e+00
   2.1925310e-02
   2.3211439e-02
   2.0675840e-02
   1.9139450e-02
   1.8263355e-02
   1.5113927e-02
   1.0769377e-02
   3.2642523e-03
  -3.5995494e-03
  -5.3567956e-03
  -1.2032485e-03
   1.2192831e-02
   4.4200295e-02
   5.5949517e-02
  -0.0000000e+00
  -0.0000000e+00
   1.3393510e-03
  -1.7169514e-02
  -3.4721772e-03
   8.9600157e-03
   2.7836490e-02
   7.0427384e-02
   7.4917227e-02
  -0.0000000e+00
   1.6078007e-02
   7.5030357e-03
   3.3259057e-03
   1.4539268e-02
   2.3210249e-02
   3.1801284e-02
   4.5530149e-02
   8.8065139e-02
   0.0000000e+00
   0.0000000e+00
   0.0000000e+00
   0.0000000e+00
   3.9230411e-02
   4.3461512e-02
   2.6808315e-02
   2.2866090e-02
   2.0455720e-02
   1.6205091e-02
   1.0221297e-02
   2.1118962e-03
  -3.0828474e-03
  -1.2772003e-03
   5.9235467e-03
   2.2249381e-02
   5.2936745e-02
   4.9548269e-02
  -0.0000000e+00
  -0.0000000e+00
  -4.0143914e-03
  -1.6490187e-02
   2.0533748e-03
   1.6373030e-02
   3.9224717e-02
   8.4492647e-02
   4.0962523e-02
  -0.0000000e+00
   3.4746556e-02
   1.6603650e-02
   1.1299562e-02
   2.4594954e-02
   3.4772902e-02
   4.4411065e-02
   5.8250592e-02
   7.5155920e-02
   3.4556592e-02
   0.0000000e+00
   0.0000000e+00
   0.0000000e+00
   4.1523751e-02
   5.9550010e-02
   3.0919286e-02
   2.2076390e-02
   1.8223403e-02
   1.3394713e-02
   7.2147370e-03
   1.3839283e-03
  -2.4342706e-04
   4.6536217e-03
   1.4544531e-02
   3.2214303e-02
   5.6427898e-02
   5.7379714e-02
  -0.0000000e+00
  -0.0000000e+00
  -0.0000000e+00
  -1.1639738e-02
   1.0222870e-02
   2.6243566e-02
   4.9225874e-02
   8.3860959e-02
   0.0000000e+00
  -0.0000000e+00
   3.9177940e-02
   2.4392272e-02
   2.6421137e-02
   3.3968272e-02
   4.4956046e-02
   5.5795957e-02
   6.6190963e-02
   5.8112723e-02
   2.4059393e-02
   0.0000000e+00
   0.0000000e+00
   0.0000000e+00
   3.7201203e-02
   4.7194821e-02
   2.5709603e-02
   1.5928121e-02
   1.1996219e-02
   8.5362097e-03
   4.1987342e-03
   2.2529827e-03
   5.3201321e-03
   1.3091524e-02
   2.4457830e-02
   4.0360450e-02
   5.9590087e-02
   7.4575002e-02
  -0.0000000e+00
  -0.0000000e+00
  -0.0000000e+00
   1.7024554e-02
   2.0978729e-02
   3.6110715e-02
   5.3459083e-02
   6.7579480e-02
   0.0000000e+00
  -0.0000000e+00
   0.0000000e+00
   3.6527859e-02
   4.8713914e-02
   3.8989819e-02
   5.1143795e-02
   6.3018226e-02
   6.5400857e-02
   4.1667188e-02
   1.7666563e-02
  -0.0000000e+00
   0.0000000e+00
   4.0535441e-02
   2.6775028e-02
   2.4616688e-02
   1.1604614e-02
   5.5368133e-03
   3.9215560e-03
   3.0021989e-03
   1.7588579e-03
   3.2337582e-03
   9.2649584e-03
   2.0137774e-02
   3.2738903e-02
   4.5097464e-02
   6.2460460e-02
  -3.0028332e-02
  -0.0000000e+00
  -0.0000000e+00
   0.0000000e+00
   5.7604861e-02
   2.8389731e-02
   3.9908729e-02
   5.0932430e-02
   4.8113279e-02
  -0.0000000e+00
   0.0000000e+00
   0.0000000e+00
   3.0169982e-02
   5.1987968e-02
   3.7099674e-02
   4.6722779e-02
   5.5968446e-02
   5.2216450e-02
   2.5467896e-02
   1.8333185e-02
  -1.4341763e-02
   0.0000000e+00
   5.9359231e-02
   1.9269305e-02
   7.2895630e-03
  -2.5835127e-03
  -5.8468951e-03
  -5.3053936e-03
  -4.0932799e-03
  -2.1577766e-03
   2.4790507e-03
   1.0717544e-02
   2.1668401e-02
   3.2868065e-02
   4.2979481e-02
   5.1473675e-02
  -0.0000000e+00
   0.0000000e+00
  -0.0000000e+00
   0.0000000e+00
   6.9113513e-02
   3.1357696e-02
   3.9944321e-02
   4.4515233e-02
   3.3559876e-02
   0.0000000e+00
   0.0000000e+00
   0.0000000e+00
   2.0301997e-02
   3.8886323e-02
   3.1948461e-02
   3.7284856e-02
   3.8874218e-02
   3.0274166e-02
   1.7558284e-02
   1.3924981e-02
  -2.7203853e-03
  -0.0000000e+00
   0.0000000e+00
   3.7973922e-03
  -6.9844049e-03
  -1.4672231e-02
  -1.7112199e-02
  -1.7367577e-02
  -1.6116987e-02
  -1.3105826e-02
  -6.2903303e-03
   4.0144168e-03
   1.5374139e-02
   2.5909794e-02
   3.2213829e-02
   3.6083069e-02
  -0.0000000e+00
   0.0000000e+00
  -0.0000000e+00
   0.0000000e+00
   6.0448529e-02
   2.7406870e-02
   3.4205000e-02
   3.5392872e-02
   2.2461800e-02
   0.0000000e+00
   0.0000000e+00
   0.0000000e+00
   2.4391255e-02
   2.8394952e-02
   2.4230768e-02
   2.8669148e-02
   2.1793577e-02
   1.0367107e-02
   0.0000000e+00
   0.0000000e+00
  -7.5136985e-03
  -1.1367903e-02
  -5.9006223e-03
  -1.4403648e-03
  -9.9173231e-03
  -1.4376226e-02
  -1.6374420e-02
  -1.6439502e-02
  -1.5776508e-02
  -1.3538665e-02
  -9.6640519e-03
  -3.4749491e-03
   4.0104577e-03
   1.1190587e-02
   2.0424490e-02
   2.1929873e-02
  -0.0000000e+00
  -0.0000000e+00
  -0.0000000e+00
  -0.0000000e+00
   2.1274306e-02
   1.7682456e-02
   2.3720188e-02
   2.3598027e-02
   1.6493610e-02
   0.0000000e+00
   0.0000000e+00
   0.0000000e+00
   3.6685573e-02
   1.8983010e-02
   1.1555095e-02
   1.1973021e-02
   1.1105315e-02
   5.4881548e-04
  -0.0000000e+00
  -0.0000000e+00
  -2.0831004e-02
  -1.3992773e-02
   1.3165309e-03
   6.4895216e-04
  -3.0913542e-03
  -3.7221329e-03
  -3.1322568e-03
  -2.0459569e-03
  -5.9393799e-04
   1.7618716e-03
   4.7938119e-03
   8.1168043e-03
   1.1426859e-02
   1.4559832e-02
   1.9292062e-02
   9.6754170e-03
  -0.0000000e+00
  -0.0000000e+00
  -0.0000000e+00
  -0.0000000e+00
   9.0727192e-03
   8.0863357e-03
   1.3723289e-02
   1.3769701e-02
   1.3278468e-02
   0.0000000e+00
   0.0000000e+00
   0.0000000e+00
   7.8511801e-02
   1.3910147e-02
   4.5736281e-03
   3.9759250e-03
   8.8277731e-03
  -5.6903304e-04
  -0.0000000e+00
  -0.0000000e+00
  -1.8423312e-02
  -2.9200627e-03
   1.9128601e-03
   1.1747676e-03
   5.0466176e-05
   1.8393521e-03
   5.1332952e-03
   8.7717610e-03
   1.1860215e-02
   1.4765277e-02
   1.8577940e-02
   2.3280883e-02
   2.6417688e-02
   2.4585502e-02
   1.4287256e-02
   1.4503360e-03
  -0.0000000e+00
  -0.0000000e+00
  -0.0000000e+00
  -4.6458432e-02
  -7.5257523e-03
  -4.3343839e-03
   6.5563211e-03
   3.3243075e-02
   2.9633013e-02
   0.0000000e+00
   0.0000000e+00
   0.0000000e+00
   1.1337307e-01
   1.4841629e-02
   2.4798528e-04
  -1.3860197e-03
   1.2832730e-02
   2.3392084e-03
  -0.0000000e+00
  -3.0232371e-02
  -3.6674669e-02
  -6.7279905e-03
  -5.7544680e-03
  -7.3624020e-03
  -8.8215611e-03
  -7.5279918e-03
  -3.2491798e-03
   2.7931466e-03
   7.5191390e-03
   1.0308838e-02
   1.2956839e-02
   1.5784680e-02
   1.6533123e-02
   1.0967718e-02
   8.4269887e-04
  -4.5573933e-02
  -0.0000000e+00
  -0.0000000e+00
  -0.0000000e+00
  -3.5995491e-02
  -3.0038018e-02
  -2.1662946e-02
   1.1281768e-02
   1.0216008e-01
   8.7548521e-02
   0.0000000e+00
   0.0000000e+00
   0.0000000e+00
   0.0000000e+00
   2.4764798e-02
  -1.7029060e-03
   4.1393090e-03
   3.2474987e-02
   8.9261780e-03
  -0.0000000e+00
  -2.3718808e-02
  -5.3650449e-02
  -1.4546183e-02
  -1.5316407e-02
  -1.9521630e-02
  -2.3258765e-02
  -2.5136898e-02
  -2.3640780e-02
  -2.0132297e-02
  -1.6915501e-02
  -1.5413029e-02
  -1.2788345e-02
  -6.5706726e-03
  -5.2909768e-04
  -1.0883722e-03
  -6.8476151e-03
  -1.8205244e-01
  -0.0000000e+00
  -0.0000000e+00
  -5.8849267e-02
  -4.2595012e-02
  -4.5797260e-02
  -3.9267548e-02
   8.4895030e-03
   0.0000000e+00
   0.0000000e+00
  -0.0000000e+00
  -0.0000000e+00
  -0.0000000e+00
   0.0000000e+00
   4.8290059e-02
  -1.5975934e-03
   1.2196265e-02
   3.1655774e-02
   1.8215837e-02
  -0.0000000e+00
  -2.4465260e-02
  -7.3885866e-02
  -1.9389973e-02
  -1.8750059e-02
  -2.3366874e-02
  -2.8651991e-02
  -3.3211855e-02
  -3.4676024e-02
  -3.3570700e-02
  -3.4182300e-02
  -3.3949741e-02
  -3.3240332e-02
  -2.5721945e-02
  -1.0451766e-02
  -1.2451989e-03
  -3.6211838e-02
  -1.1692612e-01
  -0.0000000e+00
  -5.4266892e-02
  -3.4462619e-02
  -4.6549881e-02
  -5.6235482e-02
  -5.9847526e-02
  -0.0000000e+00
  -0.0000000e+00
  -0.0000000e+00
  -0.0000000e+00
  -0.0000000e+00
  -0.0000000e+00
   0.0000000e+00
   4.4543940e-02
   3.3096984e-03
   8.5133650e-03
   2.4356406e-02
   2.7511611e-02
  -0.0000000e+00
  -3.1451330e-02
  -6.6715322e-02
  -2.1590864e-02
  -1.6480281e-02
  -2.0026594e-02
  -2.6665995e-02
  -3.3152250e-02
  -3.6701134e-02
  -3.5285840e-02
  -3.7606419e-02
  -3.9713362e-02
  -4.3786957e-02
  -4.0509906e-02
  -1.8885347e-02
   7.9936769e-03
  -1.8168151e-01
  -0.0000000e+00
  -3.8509350e-03
  -1.4075987e-02
  -2.8901269e-02
  -4.4162900e-02
  -5.9988107e-02
  -8.1559836e-02
  -0.0000000e+00
  -0.0000000e+00
  -0.0000000e+00
  -0.0000000e+00
  -0.0000000e+00
  -0.0000000e+00
   0.0000000e+00
   5.2630283e-02
   5.7077703e-03
   0.0000000e+00
   3.3389625e-02
   5.5510813e-02
   0.0000000e+00
  -4.7108343e-02
  -5.2194034e-02
  -2.3824086e-02
  -1.2904393e-02
  -1.4279569e-02
  -2.1684282e-02
  -3.0719765e-02
  -3.5352739e-02
  -3.3890208e-02
  -3.2367665e-02
  -3.6044809e-02
  -4.4218553e-02
  -4.7558751e-02
  -2.7785879e-02
   2.9772455e-02
  -0.0000000e+00
  -2.6574694e-03
  -6.3533917e-03
  -2.0922141e-03
  -1.9531325e-02
  -3.7752084e-02
  -5.7719652e-02
  -8.9644445e-02
  -0.0000000e+00
  -0.0000000e+00
  -0.0000000e+00
  -0.0000000e+00
  -0.0000000e+00
  -0.0000000e+00
  -0.0000000e+00
   3.1483398e-02
   8.9578188e-03
  -0.0000000e+00
   0.0000000e+00
   0.0000000e+00
   0.0000000e+00
  -8.7387849e-02
  -6.5115330e-02
  -2.4120323e-02
  -1.0482637e-02
  -8.0644705e-03
  -1.4581615e-02
  -2.4594844e-02
  -3.1100117e-02
  -3.1545247e-02
  -2.5758077e-02
  -2.7151217e-02
  -3.7580911e-02
  -4.8556824e-02
  -3.4372845e-02
   0.0000000e+00
  -3.7301244e-02
  -1.2899065e-02
  -3.6235059e-03
   1.1843247e-02
  -7.1178574e-03
  -2.6735336e-02
  -4.9480550e-02
  -8.5714598e-02
  -0.0000000e+00
  -0.0000000e+00
  -0.0000000e+00
  -0.0000000e+00
  -0.0000000e+00
  -0.0000000e+00
  -0.0000000e+00
  -0.0000000e+00
   0.0000000e+00
   0.0000000e+00
   0.0000000e+00
   0.0000000e+00
   0.0000000e+00
  -0.0000000e+00
  -8.2500483e-02
  -2.1124662e-02
  -7.2409690e-03
  -9.1329612e-04
  -4.6578653e-03
  -1.4222712e-02
  -2.1976375e-02
  -2.2843037e-02
  -1.6571518e-02
  -1.6389446e-02
  -3.0924123e-02
  -5.0788871e-02
  -3.5258278e-02
   0.0000000e+00
  -9.9004328e-03
  -2.1661234e-02
   1.1475610e-02
   2.0812952e-02
   6.1527863e-03
  -1.2654450e-02
  -3.6171173e-02
  -6.9158380e-02
  -1.0767933e-01
  -0.0000000e+00
  -0.0000000e+00
  -0.0000000e+00
  -0.0000000e+00
  -0.0000000e+00
  -0.0000000e+00
  -0.0000000e+00
   0.0000000e+00
   0.0000000e+00
   0.0000000e+00
   0.0000000e+00
   0.0000000e+00
  -0.0000000e+00
  -8.3912584e-02
  -2.7298297e-02
  -9.3542997e-04
   8.1188978e-03
   6.4531162e-03
  -2.6185357e-03
  -9.5689630e-03
  -9.4239805e-03
  -5.0743243e-03
  -5.2048172e-03
  -2.3809790e-02
  -5.5753779e-02
  -2.1017779e-02
   0.0000000e+00
  -0.0000000e+00
  -7.5592926e-02
   8.2982622e-03
   3.0234770e-02
   2.2323656e-02
   4.2663137e-03
  -2.0010128e-02
  -5.0513291e-02
  -7.6060184e-02
  -0.0000000e+00
  -0.0000000e+00
  -0.0000000e+00
  -0.0000000e+00
  -0.0000000e+00
  -0.0000000e+00
  -0.0000000e+00
  -0.0000000e+00
   0.0000000e+00
   0.0000000e+00
   0.0000000e+00
   0.0000000e+00
  -0.0000000e+00
  -0.0000000e+00
  -8.2474147e-02
  -7.8042535e-03
   1.1805813e-02
   1.2074145e-02
   5.1560900e-03
  -1.5602577e-03
   7.3495584e-04
   6.6331797e-03
   6.4437708e-03
  -1.6371661e-02
  -5.7803711e-02
   0.0000000e+00
   0.0000000e+00
  -0.0000000e+00
  -0.0000000e+00
  -1.6840695e-02
   4.2923975e-02
   4.6317926e-02
   2.5139842e-02
  -1.7955325e-03
  -3.2814828e-02
  -6.3857024e-02
  -0.0000000e+00
  -0.0000000e+00
  -0.0000000e+00
  -0.0000000e+00
  -0.0000000e+00
  -0.0000000e+00
  -0.0000000e+00
  -0.0000000e+00
   0.0000000e+00
   0.0000000e+00
   0.0000000e+00
  -0.0000000e+00
  -0.0000000e+00
  -0.0000000e+00
  -5.3039982e-02
  -3.5036375e-02
   3.8097401e-03
   1.2328182e-02
   1.0067422e-02
   6.0162843e-03
   9.4219184e-03
   1.6948994e-02
   1.6407152e-02
  -6.2589718e-03
  -5.9818450e-02
   0.0000000e+00
   0.0000000e+00
  -0.0000000e+00
  -0.0000000e+00
  -5.2048699e-02
   2.6164829e-02
   5.5038677e-02
   4.3407232e-02
   1.6625072e-02
  -1.3787519e-02
  -4.7136168e-02
  -0.0000000e+00
  -0.0000000e+00
  -0.0000000e+00
  -0.0000000e+00
  -0.0000000e+00
   0.0000000e+00
  -0.0000000e+00
  -0.0000000e+00
   0.0000000e+00
   0.0000000e+00
  -0.0000000e+00
  -0.0000000e+00
  -0.0000000e+00
  -0.0000000e+00
  -5.8637700e-02
  -3.7258548e-02
  -6.3224991e-03
   1.3864357e-02
   1.6131723e-02
   1.5676434e-02
   2.0019260e-02
   2.5477785e-02
   2.5308492e-02
   7.1303580e-03
  -3.0434536e-02
   0.0000000e+00
  -0.0000000e+00
  -0.0000000e+00
  -0.0000000e+00
  -0.0000000e+00
  -4.3859709e-02
   5.3174178e-02
   5.0090754e-02
   2.8672749e-02
   5.8101053e-03
  -2.3400283e-02
  -0.0000000e+00
  -0.0000000e+00
  -0.0000000e+00
  -0.0000000e+00
  -0.0000000e+00
   0.0000000e+00
  -0.0000000e+00
  -0.0000000e+00
   0.0000000e+00
  -0.0000000e+00
  -0.0000000e+00
  -0.0000000e+00
  -0.0000000e+00
  -0.0000000e+00
  -4.7669850e-02
  -3.3617114e-02
  -8.7651553e-03
   1.2728284e-02
   1.7364580e-02
   1.7308119e-02
   2.1590863e-02
   2.8458970e-02
   3.2419655e-02
   2.4301398e-02
  -3.6393300e-04
  -0.0000000e+00
  -0.0000000e+00
  -0.0000000e+00
  -0.0000000e+00
  -0.0000000e+00
  -0.0000000e+00
  -6.9580991e-03
   3.5574130e-02
   3.9840564e-02
   2.3893437e-02
   3.9605244e-03
  -5.3690020e-03
  -0.0000000e+00
  -0.0000000e+00
  -0.0000000e+00
  -0.0000000e+00
  -0.0000000e+00
  -0.0000000e+00
  -0.0000000e+00
  -0.0000000e+00
   0.0000000e+00
   0.0000000e+00
  -0.0000000e+00
  -0.0000000e+00
  -0.0000000e+00
  -0.0000000e+00
  -6.8043345e-02
  -1.9691020e-02
  -9.5774748e-03
   2.3447365e-04
   9.2823974e-04
   6.1931847e-03
   1.8118567e-02
   3.5682015e-02
   6.9593397e-02
   0.0000000e+00
  -0.0000000e+00
  -0.0000000e+00
  -0.0000000e+00
  -0.0000000e+00
  -0.0000000e+00
  -0.0000000e+00
  -0.0000000e+00
  -2.3681991e-02
   4.3648454e-02
   4.2626578e-02
   3.8473812e-02
   2.1977572e-02
   0.0000000e+00
  -0.0000000e+00
  -0.0000000e+00
  -0.0000000e+00
  -0.0000000e+00
   0.0000000e+00
   0.0000000e+00
   0.0000000e+00
   0.0000000e+00
   0.0000000e+00
  -0.0000000e+00
  -0.0000000e+00
  -0.0000000e+00
  -0.0000000e+00
  -7.3267829e-02
  -4.9003665e-02
  -7.5232342e-02
  -4.3657770e-02
  -3.9639290e-02
  -1.1370395e-02
  -2.8009282e-04
   3.7058236e-02
   9.0385303e-02
   0.0000000e+00
  -0.0000000e+00
  -0.0000000e+00
  -0.0000000e+00
  -0.0000000e+00
  -0.0000000e+00
  -0.0000000e+00
  -1.6363828e-01
  -7.3002513e-02
   8.6538684e-03
   4.2778413e-02
   6.2293937e-02
   0.0000000e+00
   0.0000000e+00
  -0.0000000e+00
  -0.0000000e+00
  -0.0000000e+00
  -0.0000000e+00
  -0.0000000e+00
  -0.0000000e+00
  -0.0000000e+00
   0.0000000e+00
   0.0000000e+00
   0.0000000e+00
  -0.0000000e+00
  -0.0000000e+00
  -0.0000000e+00
  -0.0000000e+00
  -0.0000000e+00
  -0.0000000e+00
  -1.5402107e-01
  -1.9676947e-01
  -0.0000000e+00
   0.0000000e+00
   0.0000000e+00
   0.0000000e+00
   0.0000000e+00
   0.0000000e+00
  -0.0000000e+00
  -0.0000000e+00
  -0.0000000e+00
  -0.0000000e+00
  -0.0000000e+00
  -1.1581845e-01
  -5.2866497e-02
  -1.2079432e-01
  -2.7797568e-02
  -2.0920866e-02
   2.8155077e-02
   0.0000000e+00
   0.0000000e+00
  -0.0000000e+00
  -0.0000000e+00
  -0.0000000e+00
  -0.0000000e+00
  -0.0000000e+00
  -0.0000000e+00
   0.0000000e+00
   0.0000000e+00
  -0.0000000e+00
  -0.0000000e+00
  -0.0000000e+00
  -0.0000000e+00
  -0.0000000e+00
  -0.0000000e+00
  -0.0000000e+00
  -0.0000000e+00
  -0.0000000e+00
  -0.0000000e+00
  -0.0000000e+00
  -0.0000000e+00
   0.0000000e+00
   0.0000000e+00
   0.0000000e+00
   0.0000000e+00
   0.0000000e+00
   0.0000000e+00
  -0.0000000e+00
  -0.0000000e+00
  -0.0000000e+00
   0.0000000e+00
  -2.0774759e-02
  -1.2517722e-01
  -1.2094732e-01
  -7.4705845e-02
  -1.1645301e-02
   0.0000000e+00
   0.0000000e+00
  -0.0000000e+00
  -0.0000000e+00
  -0.0000000e+00
  -0.0000000e+00
  -0.0000000e+00
  -0.0000000e+00
   0.0000000e+00
  -0.0000000e+00
  -0.0000000e+00
  -0.0000000e+00
  -0.0000000e+00
   0.0000000e+00
   0.0000000e+00
   0.0000000e+00
   0.0000000e+00
   0.0000000e+00
   0.0000000e+00
   0.0000000e+00
  -0.0000000e+00
  -0.0000000e+00
   0.0000000e+00
   0.0000000e+00
   0.0000000e+00
   0.0000000e+00
   0.0000000e+00
  -0.0000000e+00
  -0.0000000e+00
   0.0000000e+00
   0.0000000e+00
   0.0000000e+00
  -0.0000000e+00
  -9.3897951e-02
  -1.2111314e-01
  -6.1016022e-02
   1.6385224e-02
   0.0000000e+00
   0.0000000e+00
   0.0000000e+00
  -0.0000000e+00
  -0.0000000e+00
  -0.0000000e+00
  -0.0000000e+00
  -0.0000000e+00
