   0.0000000e+00
   0.0000000e+00
   0.0000000e+00
   0.0000000e+00
   0.0000000e+00
   0.0000000e+00
   0.0000000e+00
  -2.1894778e-02
  -4.6419176e-02
  -6.2304981e-02
  -7.5939727e-02
  -0.0000000e+00
  -0.0000000e+00
  -0.0000000e+00
  -0.0000000e+00
  -0.0000000e+00
  -0.0000000e+00
  -0.0000000e+00
  -0.0000000e+00
   0.0000000e+00
  -0.0000000e+00
  -0.0000000e+00
  -0.0000000e+00
  -0.0000000e+00
  -0.0000000e+00
  -0.0000000e+00
  -0.0000000e+00
  -0.0000000e+00
  -0.0000000e+00
  -0.0000000e+00
  -0.0000000e+00
   0.0000000e+00
  -0.0000000e+00
  -0.0000000e+00
  -0.0000000e+00
   0.0000000e+00
  -1.1791503e-01
  -1.2146136e-01
  -1.2228263e-01
  -4.7668950e-02
  -2.6415907e-02
  -1.7101150e-02
   3.1217546e-03
   3.8135590e-02
   5.4397702e-02
   5.7310769e-02
   5.4609814e-02
   4.6786570e-02
   3.5712180e-02
   2.5944780e-02
   1.8334790e-02
   5.8921678e-04
  -1.7407064e-02
  -2.9611421e-02
  -8.2552479e-02
  -0.0000000e+00
  -5.1553708e-03
   6.6364317e-03
   8.2326346e-03
  -1.0199146e-02
  -4.5011471e-02
  -7.6707707e-02
  -9.7951191e-02
  -9.7463928e-02
  -1.0639807e-01
  -1.3387335e-01
  -1.5161426e-01
  -9.2087253e-02
  -5.1630953e-02
  -1.3050877e-01
  -1.7236395e-01
  -1.6286912e-01
   2.6974562e-02
   4.2194545e-02
   5.2373015e-02
   6.3666552e-02
   8.5489883e-02
   1.0979463e-01
   1.2059114e-01
   1.1870315e-01
   1.1085127e-01
   1.0204669e-01
   9.8106881e-02
   1.0011612e-01
   9.8760887e-02
   9.9850513e-02
   1.0219393e-01
   9.9522496e-02
   9.4104428e-02
   8.8963589e-02
   7.6136762e-02
   3.9508653e-02
   5.2326312e-02
   6.6935679e-02
   7.4420476e-02
   7.7862029e-02
   7.8527810e-02
   8.0721281e-02
   8.2868121e-02
   8.4736501e-02
   8.4549447e-02
   7.3641529e-02
   5.6580420e-02
   4.8737026e-02
   5.8431843e-02
   5.8074813e-02
   4.0113551e-02
   2.3669313e-02
   1.3982093e-01
   1.4529192e-01
   1.3532199e-01
   1.3093710e-01
   1.3951735e-01
   1.4223317e-01
   1.3750740e-01
   1.2888008e-01
   1.1773126e-01
   1.0689726e-01
   1.0200544e-01
   1.0824241e-01
   1.2107770e-01
   1.2375605e-01
   1.3778355e-01
   1.4348049e-01
   1.4438050e-01
   1.5491850e-01
   2.2534871e-01
   1.3217686e-01
   1.0618918e-01
   1.1680325e-01
   1.3314236e-01
   1.4313652e-01
   1.4557547e-01
   1.5501082e-01
   1.5850837e-01
   1.6693412e-01
   1.7629286e-01
   1.6556290e-01
   1.7309582e-01
   1.7176362e-01
   1.6331670e-01
   1.6167795e-01
   1.5297686e-01
   1.3730085e-01
   1.8273482e-01
   1.7886322e-01
   1.5529503e-01
   1.4476066e-01
   1.3813529e-01
   1.2484345e-01
   1.2477699e-01
   1.0248263e-01
   1.0603475e-01
   9.9474459e-02
   9.9497080e-02
   1.0587320e-01
   1.1562549e-01
   1.2293883e-01
   1.3602026e-01
   1.4719796e-01
   1.5056101e-01
   1.5492774e-01
   3.1623400e-01
   0.0000000e+00
   1.1981525e-01
   1.4126293e-01
   1.5854504e-01
   1.6660327e-01
   1.7521399e-01
   1.9001290e-01
   1.9043606e-01
   1.9219020e-01
   1.9047867e-01
   1.8564257e-01
   1.9630048e-01
   2.0505024e-01
   2.2252208e-01
   2.1688568e-01
   2.1386771e-01
   1.9145303e-01
   1.8547224e-01
   1.6372837e-01
   1.4139596e-01
   1.3204928e-01
   1.3564641e-01
   8.6250069e-02
   1.3525640e-01
   7.6266670e-02
   7.9852150e-02
   7.9585086e-02
   8.1827982e-02
   8.9032642e-02
   9.6179007e-02
   1.0410769e-01
   1.1416531e-01
   1.2598150e-01
   1.2948183e-01
   1.1667491e-01
   2.6618009e-01
   0.0000000e+00
   1.0012191e-01
   1.2869671e-01
   1.4670629e-01
   1.5115472e-01
   1.7062346e-01
   1.8077398e-01
   1.6999776e-01
   1.5440775e-01
   1.4073439e-01
   1.4012052e-01
   1.5641348e-01
   1.8170029e-01
   1.7992378e-01
   1.9482773e-01
   2.0667908e-01
   2.0404631e-01
   1.4649463e-01
   1.1587555e-01
   9.5541199e-02
   1.3471376e-01
   1.6680865e-01
   5.2523519e-02
   8.8709860e-02
   8.1863742e-02
   5.8594934e-02
   6.1524179e-02
   6.3347898e-02
   6.6265692e-02
   7.0512589e-02
   7.4988618e-02
   8.3410609e-02
   9.3657902e-02
   9.5855620e-02
   7.9033798e-02
   2.1010973e-01
   0.0000000e+00
   6.2772116e-02
   8.9029276e-02
   1.0930206e-01
   1.1070444e-01
   1.4057383e-01
   1.4765550e-01
   1.3023595e-01
   1.0342848e-01
   7.1266290e-02
   8.1075879e-02
   1.0366273e-01
   1.2293366e-01
   1.3736601e-01
   1.4757972e-01
   1.6335490e-01
   1.6945522e-01
   8.4330434e-02
   5.5824400e-02
   4.4535032e-02
   8.4253555e-02
   0.0000000e+00
   2.5669343e-02
   3.8478321e-02
   5.2238659e-02
   4.0455962e-02
   4.1543670e-02
   4.1666222e-02
   4.1975059e-02
   4.3858358e-02
   4.8594546e-02
   5.4510494e-02
   6.0057294e-02
   5.8134875e-02
   4.2354018e-02
   1.3132158e-01
   0.0000000e+00
   0.0000000e+00
   4.2424350e-02
   5.9597810e-02
   6.8780896e-02
   8.5706653e-02
   9.1821817e-02
   6.9563801e-02
   5.9802524e-02
   3.5190884e-02
   3.3069219e-02
   4.5165857e-02
   6.1588042e-02
   7.8176467e-02
   9.1382134e-02
   1.0201315e-01
   1.0152444e-01
   2.5981278e-02
  -8.9704231e-03
  -0.0000000e+00
   0.0000000e+00
   0.0000000e+00
   7.6764709e-03
   1.0468273e-02
   1.5566603e-02
   1.3483216e-02
   1.3694982e-02
   1.3878210e-02
   1.3612740e-02
   1.6954574e-02
   2.2577948e-02
   2.6192966e-02
   2.6224833e-02
   2.0943115e-02
   8.9597948e-03
   6.4963676e-02
  -0.0000000e+00
  -0.0000000e+00
   4.5323186e-03
   1.9424381e-02
   2.7056910e-02
   3.3680551e-02
   2.8423486e-02
   2.2697108e-03
   2.7242077e-02
  -0.0000000e+00
  -1.2609472e-02
  -6.0049629e-03
   7.3961887e-03
   1.7728691e-02
   2.9339293e-02
   3.6039486e-02
   3.4309942e-02
  -2.1039259e-02
  -0.0000000e+00
  -0.0000000e+00
  -0.0000000e+00
  -0.0000000e+00
  -2.1604352e-02
  -2.2421059e-02
  -2.2052414e-02
  -2.1479116e-02
  -1.8815316e-02
  -1.6726413e-02
  -1.2683005e-02
  -7.2842056e-03
  -3.9341373e-03
  -3.8518825e-03
  -8.8168888e-03
  -1.7415586e-02
  -1.8784416e-02
   4.8682869e-02
  -0.0000000e+00
  -0.0000000e+00
  -1.9812400e-02
  -9.5662391e-03
  -8.6664215e-03
  -1.1525640e-02
  -2.3300096e-02
  -3.6195194e-02
   1.3326586e-02
  -0.0000000e+00
  -3.9853817e-02
  -4.1895862e-02
  -3.4977725e-02
  -3.2352404e-02
  -2.6769106e-02
  -2.3250658e-02
  -2.3933719e-02
  -3.6065678e-02
  -0.0000000e+00
  -0.0000000e+00
  -0.0000000e+00
  -0.0000000e+00
  -5.0945475e-02
  -5.3126252e-02
  -5.0667884e-02
  -4.7134897e-02
  -4.1946229e-02
  -3.7335935e-02
  -3.2082370e-02
  -2.8729719e-02
  -2.9236138e-02
  -3.4091692e-02
  -4.2322045e-02
  -4.9355510e-02
  -3.6718140e-02
   5.3409026e-02
  -0.0000000e+00
  -0.0000000e+00
  -5.7382722e-02
  -3.2421555e-02
  -3.9296167e-02
  -4.6496623e-02
  -5.6749037e-02
  -3.9114846e-02
  -1.7320739e-02
  -0.0000000e+00
  -5.3357786e-02
  -8.6391306e-02
  -6.5608153e-02
  -7.2148218e-02
  -7.3036554e-02
  -7.0737701e-02
  -6.3946855e-02
  -3.2792724e-02
  -5.3928838e-02
  -0.0000000e+00
  -0.0000000e+00
  -0.0000000e+00
  -7.2889328e-02
  -9.4948561e-02
  -6.4140370e-02
  -5.9192400e-02
  -5.3044220e-02
  -4.8698664e-02
  -4.6343033e-02
  -4.9003547e-02
  -5.4850847e-02
  -6.0860470e-02
  -6.8699110e-02
  -7.0955634e-02
  -4.5694801e-02
   4.5118961e-02
  -0.0000000e+00
  -0.0000000e+00
  -0.0000000e+00
  -5.2872591e-02
  -6.4346198e-02
  -7.1664214e-02
  -7.2363957e-02
  -1.8666417e-02
  -0.0000000e+00
  -0.0000000e+00
  -3.8059482e-02
  -1.1964821e-01
  -8.5292502e-02
  -1.0046996e-01
  -1.0508459e-01
  -1.0246499e-01
  -8.4007791e-02
  -3.0620062e-02
  -1.7493634e-02
  -0.0000000e+00
  -0.0000000e+00
  -0.0000000e+00
  -6.2820101e-02
  -8.8823531e-02
  -6.6985884e-02
  -5.6338928e-02
  -5.1888005e-02
  -5.0861643e-02
  -5.4476788e-02
  -6.4069436e-02
  -7.5322477e-02
  -8.2589886e-02
  -8.4046184e-02
  -7.7539068e-02
  -4.9849035e-02
   2.8678111e-02
  -0.0000000e+00
  -0.0000000e+00
  -0.0000000e+00
  -6.6694709e-02
  -8.2064962e-02
  -8.3246722e-02
  -6.8421766e-02
  -1.9552873e-03
  -0.0000000e+00
  -0.0000000e+00
  -0.0000000e+00
  -1.1342834e-01
  -9.0746577e-02
  -1.0849158e-01
  -1.1628539e-01
  -1.1444236e-01
  -8.7655225e-02
  -2.6317898e-02
   4.2245673e-03
  -0.0000000e+00
  -0.0000000e+00
  -6.7615689e-02
  -4.9298725e-02
  -6.5936287e-02
  -4.5555819e-02
  -4.4768426e-02
  -4.5300099e-02
  -4.9384451e-02
  -5.9713187e-02
  -7.3708515e-02
  -8.6766389e-02
  -9.2659444e-02
  -8.8549335e-02
  -7.4475312e-02
  -2.0836000e-02
  -1.8476594e-02
  -0.0000000e+00
  -0.0000000e+00
  -0.0000000e+00
  -6.9499836e-02
  -8.3690037e-02
  -7.8377252e-02
  -5.2025321e-02
   1.7776862e-02
  -0.0000000e+00
  -0.0000000e+00
  -0.0000000e+00
  -1.1699840e-01
  -7.7803802e-02
  -9.4092779e-02
  -1.0144956e-01
  -1.0289914e-01
  -7.7910918e-02
  -1.5940316e-02
   1.4078412e-02
  -1.7564006e-02
  -0.0000000e+00
  -5.1559278e-02
  -3.4180100e-02
  -3.2649246e-02
  -3.0801560e-02
  -3.5279285e-02
  -4.1081943e-02
  -4.8426308e-02
  -6.0857852e-02
  -7.4814833e-02
  -8.6228562e-02
  -8.9613751e-02
  -8.1084647e-02
  -5.9966296e-02
  -1.5852197e-02
  -0.0000000e+00
  -0.0000000e+00
  -0.0000000e+00
  -0.0000000e+00
  -5.9010263e-02
  -7.0138289e-02
  -6.1413062e-02
  -3.3276736e-02
   2.4859315e-02
  -0.0000000e+00
  -0.0000000e+00
  -0.0000000e+00
  -6.2597988e-02
  -5.4909035e-02
  -6.3626324e-02
  -6.6300138e-02
  -6.7115385e-02
  -5.1850341e-02
   3.1993410e-03
   8.6784460e-03
   7.7767808e-03
  -0.0000000e+00
  -0.0000000e+00
  -2.0806120e-02
  -2.0770601e-02
  -2.4776254e-02
  -3.1828168e-02
  -3.9271057e-02
  -4.6749584e-02
  -5.7448323e-02
  -6.9251759e-02
  -7.7444466e-02
  -7.7308761e-02
  -6.6100738e-02
  -4.1923833e-02
  -3.9276572e-02
  -0.0000000e+00
  -0.0000000e+00
  -0.0000000e+00
  -0.0000000e+00
  -4.5982973e-02
  -4.9186735e-02
  -3.9816127e-02
  -1.7289414e-02
   2.5623305e-02
   0.0000000e+00
  -0.0000000e+00
  -0.0000000e+00
  -3.2403148e-02
  -2.8906739e-02
  -3.6350514e-02
  -2.7999945e-02
  -2.4994335e-02
  -1.5887383e-02
   0.0000000e+00
   0.0000000e+00
   1.0586912e-02
  -1.5346339e-02
  -2.1017687e-02
  -1.8046710e-02
  -2.5491776e-02
  -3.2674441e-02
  -4.1384810e-02
  -4.9982511e-02
  -5.6939110e-02
  -6.0961536e-02
  -6.2084103e-02
  -6.0769608e-02
  -5.5031925e-02
  -4.2763420e-02
  -2.2194092e-02
  -3.7704370e-02
  -0.0000000e+00
  -0.0000000e+00
  -0.0000000e+00
  -0.0000000e+00
  -2.9429151e-02
  -2.7068452e-02
  -1.9732501e-02
  -5.4622398e-03
   4.7455715e-02
   0.0000000e+00
  -0.0000000e+00
  -0.0000000e+00
  -1.9536315e-02
  -7.8994403e-03
  -6.0081393e-03
   4.1568805e-03
   8.2142690e-03
   1.9197660e-02
   0.0000000e+00
   0.0000000e+00
   6.8020018e-03
  -1.4426203e-02
  -2.0673211e-02
  -2.5614420e-02
  -3.3719528e-02
  -4.1882232e-02
  -4.8604597e-02
  -5.5820803e-02
  -5.9713055e-02
  -6.0042438e-02
  -5.7155208e-02
  -5.0791438e-02
  -3.8988618e-02
  -2.4334865e-02
  -1.1916918e-02
  -1.9997260e-02
  -0.0000000e+00
  -0.0000000e+00
  -0.0000000e+00
  -0.0000000e+00
  -1.8557795e-02
  -1.0644968e-02
  -4.0208343e-03
   3.7279737e-03
   5.6287009e-02
   0.0000000e+00
  -0.0000000e+00
  -0.0000000e+00
  -9.6067292e-03
   3.1484609e-03
   1.1961646e-02
   2.6004983e-02
   2.6965078e-02
   3.4564694e-02
   0.0000000e+00
  -0.0000000e+00
  -5.2102002e-03
  -2.1069135e-02
  -2.6409516e-02
  -3.1625956e-02
  -3.8295594e-02
  -4.3574348e-02
  -4.8107353e-02
  -5.3175555e-02
  -5.6155685e-02
  -5.5153427e-02
  -5.2669791e-02
  -4.7886389e-02
  -3.6930543e-02
  -2.1327845e-02
  -5.0351192e-03
  -2.2726883e-02
  -0.0000000e+00
  -0.0000000e+00
  -0.0000000e+00
  -4.2981206e-02
  -1.3906407e-02
  -4.6207489e-04
   9.0517265e-03
   1.6144893e-02
   6.6884723e-02
   0.0000000e+00
  -0.0000000e+00
  -0.0000000e+00
  -6.2781498e-03
   9.2157884e-03
   1.9806048e-02
   4.0823068e-02
   3.6636548e-02
   3.5405628e-02
  -0.0000000e+00
  -1.4234765e-02
  -1.8685873e-02
  -2.7639643e-02
  -3.4997132e-02
  -4.1385989e-02
  -4.6160342e-02
  -4.7792776e-02
  -4.9384152e-02
  -5.1997605e-02
  -5.3698731e-02
  -5.2019562e-02
  -4.7934844e-02
  -4.1575596e-02
  -3.2663275e-02
  -2.2025915e-02
  -1.2183180e-02
  -1.6550724e-02
  -0.0000000e+00
  -0.0000000e+00
  -0.0000000e+00
  -4.6242275e-02
  -1.9490348e-02
   4.9912002e-03
   3.6273956e-02
   3.8663117e-02
   7.0434019e-02
   0.0000000e+00
  -0.0000000e+00
  -0.0000000e+00
  -0.0000000e+00
   1.5312303e-02
   2.6785262e-02
   6.7290718e-02
   4.2115341e-02
   2.2213389e-02
  -0.0000000e+00
  -3.9916369e-02
  -4.1424300e-02
  -3.9718564e-02
  -5.0273608e-02
  -5.8573523e-02
  -6.2860072e-02
  -6.1911776e-02
  -5.9473969e-02
  -5.7444649e-02
  -5.5564743e-02
  -5.1180142e-02
  -4.4004712e-02
  -3.6719886e-02
  -3.2295441e-02
  -3.1251752e-02
  -4.1438250e-02
  -1.0277983e-01
  -0.0000000e+00
  -0.0000000e+00
  -9.7427778e-02
  -6.5548451e-02
  -3.4474549e-02
   8.3955673e-03
   5.8282975e-02
   0.0000000e+00
   0.0000000e+00
  -0.0000000e+00
  -0.0000000e+00
  -0.0000000e+00
   0.0000000e+00
   2.5191813e-02
   3.7178091e-02
   1.0799915e-01
   3.6628688e-02
   9.9660113e-03
  -0.0000000e+00
  -5.8911034e-02
  -5.3589386e-02
  -5.3851398e-02
  -6.7387938e-02
  -7.8206987e-02
  -8.3755327e-02
  -8.4779596e-02
  -8.3425691e-02
  -8.4188132e-02
  -8.2105484e-02
  -7.6104290e-02
  -6.2627345e-02
  -4.4167878e-02
  -3.1382188e-02
  -3.4685147e-02
  -1.1979651e-01
  -1.8741833e-01
  -3.0899945e-01
  -1.9911645e-01
  -1.0409174e-01
  -9.0117467e-02
  -5.6747271e-02
  -1.2399230e-03
   0.0000000e+00
  -0.0000000e+00
  -0.0000000e+00
  -0.0000000e+00
  -0.0000000e+00
  -0.0000000e+00
  -0.0000000e+00
   3.7512700e-02
   5.5831485e-02
   8.5965891e-02
   2.8220139e-02
   5.1975161e-03
  -0.0000000e+00
  -8.8990718e-02
  -5.8245435e-02
  -6.3442264e-02
  -7.7544695e-02
  -9.0695535e-02
  -9.9136852e-02
  -1.0263764e-01
  -1.0372784e-01
  -1.0637689e-01
  -1.0615613e-01
  -9.9620738e-02
  -8.1996786e-02
  -4.8215970e-02
  -2.4591450e-02
  -5.4223706e-02
  -2.3593382e-01
  -0.0000000e+00
  -1.5787991e-01
  -1.1938850e-01
  -1.1881655e-01
  -1.0883715e-01
  -7.9691794e-02
  -2.7219416e-02
  -0.0000000e+00
  -0.0000000e+00
  -0.0000000e+00
  -0.0000000e+00
  -0.0000000e+00
  -0.0000000e+00
  -0.0000000e+00
   4.3024857e-02
   7.3828652e-02
   0.0000000e+00
   2.4432124e-02
  -2.0130323e-02
  -0.0000000e+00
  -1.2007264e-01
  -5.9698201e-02
  -6.3781733e-02
  -7.7681385e-02
  -9.2748124e-02
  -1.0380813e-01
  -1.0938522e-01
  -1.0760030e-01
  -1.0471368e-01
  -1.1253313e-01
  -1.0872467e-01
  -8.8131379e-02
  -4.6834518e-02
  -9.8839552e-03
  -8.7141460e-02
  -0.0000000e+00
  -8.6070221e-02
  -2.1725768e-01
  -1.2412531e-01
  -1.1638887e-01
  -1.1394914e-01
  -9.5921277e-02
  -4.8978736e-02
  -0.0000000e+00
  -0.0000000e+00
  -0.0000000e+00
  -0.0000000e+00
  -0.0000000e+00
  -0.0000000e+00
  -0.0000000e+00
   3.6646432e-02
   9.3726724e-02
   0.0000000e+00
   0.0000000e+00
  -0.0000000e+00
  -0.0000000e+00
  -8.7792735e-02
  -5.5809156e-02
  -5.5655423e-02
  -6.6475654e-02
  -8.1760053e-02
  -9.3983246e-02
  -9.9027156e-02
  -9.7610080e-02
  -9.6927045e-02
  -1.0125974e-01
  -9.9190477e-02
  -7.8034212e-02
  -3.3704381e-02
   1.8197627e-02
  -0.0000000e+00
  -1.6888136e-01
  -8.8775217e-02
  -1.1563656e-01
  -9.0677390e-02
  -1.0039376e-01
  -1.0328401e-01
  -9.8530871e-02
  -7.2048951e-02
  -0.0000000e+00
  -0.0000000e+00
  -0.0000000e+00
  -0.0000000e+00
  -0.0000000e+00
  -0.0000000e+00
  -0.0000000e+00
   0.0000000e+00
   0.0000000e+00
   0.0000000e+00
   0.0000000e+00
   0.0000000e+00
  -0.0000000e+00
  -0.0000000e+00
  -3.7263628e-02
  -3.5429014e-02
  -4.1852873e-02
  -5.3673509e-02
  -6.3615797e-02
  -6.7776531e-02
  -6.8783317e-02
  -7.1203324e-02
  -7.3821190e-02
  -7.3835810e-02
  -5.4044491e-02
  -9.3868458e-03
   8.0176147e-02
  -0.0000000e+00
  -6.1277070e-02
  -5.4668627e-02
  -5.1271812e-02
  -5.4240090e-02
  -6.6104330e-02
  -7.7074674e-02
  -8.1511889e-02
  -7.4236448e-02
  -4.7895149e-02
  -0.0000000e+00
  -0.0000000e+00
  -0.0000000e+00
  -0.0000000e+00
  -0.0000000e+00
   0.0000000e+00
   0.0000000e+00
   0.0000000e+00
   0.0000000e+00
   0.0000000e+00
   0.0000000e+00
  -0.0000000e+00
  -0.0000000e+00
  -4.0017152e-03
  -5.0984723e-04
  -2.4130391e-03
  -1.0474238e-02
  -1.8814906e-02
  -2.3170989e-02
  -2.4704760e-02
  -2.9639441e-02
  -3.5781941e-02
  -3.8845045e-02
  -2.4318289e-02
   1.9700453e-02
   8.4895477e-02
  -0.0000000e+00
  -0.0000000e+00
   3.9125179e-03
  -3.1795957e-03
  -5.3268889e-03
  -2.1754539e-02
  -3.8669377e-02
  -5.0927574e-02
  -5.3925360e-02
   7.6732029e-04
  -0.0000000e+00
  -0.0000000e+00
  -0.0000000e+00
   0.0000000e+00
   0.0000000e+00
   0.0000000e+00
   0.0000000e+00
   0.0000000e+00
   0.0000000e+00
   0.0000000e+00
   0.0000000e+00
  -0.0000000e+00
  -0.0000000e+00
   0.0000000e+00
   4.3074454e-02
   4.4399607e-02
   3.9994511e-02
   3.0947384e-02
   2.7890853e-02
   2.3860214e-02
   1.7527300e-02
   8.5153426e-03
   1.9082018e-03
   7.5826843e-03
   5.7750486e-02
   0.0000000e+00
  -0.0000000e+00
  -0.0000000e+00
   0.0000000e+00
   6.2876464e-02
   5.9765949e-02
   3.8029793e-02
   1.2387597e-02
  -9.0586818e-03
  -2.2588517e-02
   2.2651995e-02
   0.0000000e+00
  -0.0000000e+00
   0.0000000e+00
   0.0000000e+00
   0.0000000e+00
   0.0000000e+00
   0.0000000e+00
   0.0000000e+00
   0.0000000e+00
   0.0000000e+00
   0.0000000e+00
   0.0000000e+00
   0.0000000e+00
   0.0000000e+00
   1.3497377e-01
   6.6105360e-02
   7.0486932e-02
   6.7330691e-02
   6.6212327e-02
   6.1133722e-02
   5.4870763e-02
   4.7155201e-02
   3.8700847e-02
   3.5457403e-02
   8.9400871e-02
   0.0000000e+00
  -0.0000000e+00
   0.0000000e+00
   0.0000000e+00
   1.3775755e-01
   1.3281076e-01
   1.0438289e-01
   7.1220124e-02
   4.1954216e-02
   1.5954986e-02
   3.3007567e-02
   0.0000000e+00
   0.0000000e+00
   0.0000000e+00
   0.0000000e+00
   0.0000000e+00
   0.0000000e+00
  -0.0000000e+00
   0.0000000e+00
   0.0000000e+00
   0.0000000e+00
   0.0000000e+00
   0.0000000e+00
   0.0000000e+00
   0.0000000e+00
   1.2953116e-01
   6.2819272e-02
   7.9700594e-02
   8.8297861e-02
   9.0354546e-02
   8.7634795e-02
   8.2190534e-02
   7.4583260e-02
   6.3796419e-02
   5.1128370e-02
   1.5246487e-01
   0.0000000e+00
   0.0000000e+00
   0.0000000e+00
   0.0000000e+00
   0.0000000e+00
   1.3281777e-01
   1.3065804e-01
   1.1728193e-01
   9.6257504e-02
   5.9282335e-02
   4.8774817e-02
   0.0000000e+00
   0.0000000e+00
   0.0000000e+00
   0.0000000e+00
   0.0000000e+00
  -0.0000000e+00
  -0.0000000e+00
   0.0000000e+00
   0.0000000e+00
   0.0000000e+00
   0.0000000e+00
   0.0000000e+00
   0.0000000e+00
   0.0000000e+00
   9.7516451e-02
   6.9360659e-02
   8.4257060e-02
   9.5342346e-02
   9.8579659e-02
   9.9263204e-02
   9.4596212e-02
   8.5853004e-02
   6.9739264e-02
   4.1035989e-02
   6.4260601e-02
   0.0000000e+00
   0.0000000e+00
  -0.0000000e+00
   0.0000000e+00
   0.0000000e+00
   0.0000000e+00
   1.2837206e-01
   1.3569233e-01
   1.3170268e-01
   9.7239369e-02
   7.0964372e-02
   1.3854524e-01
   0.0000000e+00
   0.0000000e+00
   0.0000000e+00
   0.0000000e+00
  -0.0000000e+00
  -0.0000000e+00
   0.0000000e+00
   0.0000000e+00
   0.0000000e+00
   0.0000000e+00
   0.0000000e+00
   0.0000000e+00
   0.0000000e+00
   0.0000000e+00
   5.4626650e-02
   5.6008863e-02
   6.8581986e-02
   7.6680467e-02
   7.8248801e-02
   7.5271109e-02
   7.0267394e-02
   4.6127497e-02
  -7.9951713e-02
  -0.0000000e+00
  -0.0000000e+00
  -0.0000000e+00
  -0.0000000e+00
   0.0000000e+00
   0.0000000e+00
  -0.0000000e+00
   0.0000000e+00
   1.2997639e-01
   1.4039097e-01
   1.1644775e-01
   6.8111815e-02
   8.2766318e-02
   0.0000000e+00
   0.0000000e+00
   0.0000000e+00
  -0.0000000e+00
   0.0000000e+00
   0.0000000e+00
   0.0000000e+00
   0.0000000e+00
   0.0000000e+00
   0.0000000e+00
   0.0000000e+00
   0.0000000e+00
   0.0000000e+00
   0.0000000e+00
   7.1238200e-03
  -1.9509981e-02
  -3.1287822e-03
   8.3977222e-03
   7.5801438e-03
  -7.6243290e-04
   1.6241282e-02
  -2.0533319e-02
  -1.5944734e-01
  -0.0000000e+00
   0.0000000e+00
  -0.0000000e+00
   0.0000000e+00
   0.0000000e+00
   0.0000000e+00
   0.0000000e+00
   9.0630217e-02
   9.1717440e-02
   1.1072853e-01
   1.0059677e-01
   1.6489594e-02
   0.0000000e+00
  -0.0000000e+00
  -0.0000000e+00
  -0.0000000e+00
  -0.0000000e+00
   0.0000000e+00
   0.0000000e+00
   0.0000000e+00
   0.0000000e+00
   0.0000000e+00
   0.0000000e+00
   0.0000000e+00
   0.0000000e+00
   0.0000000e+00
  -0.0000000e+00
  -0.0000000e+00
  -0.0000000e+00
  -0.0000000e+00
  -8.1083497e-02
  -9.2620705e-02
  -0.0000000e+00
  -0.0000000e+00
  -0.0000000e+00
  -0.0000000e+00
   0.0000000e+00
   0.0000000e+00
   0.0000000e+00
   0.0000000e+00
   0.0000000e+00
   0.0000000e+00
   0.0000000e+00
   1.8669884e-02
  -4.5785021e-02
   4.3278873e-03
  -1.6019856e-02
  -8.5629435e-03
  -3.0865378e-02
  -0.0000000e+00
  -0.0000000e+00
  -0.0000000e+00
  -0.0000000e+00
   0.0000000e+00
   0.0000000e+00
   0.0000000e+00
   0.0000000e+00
   0.0000000e+00
   0.0000000e+00
   0.0000000e+00
  -0.0000000e+00
  -0.0000000e+00
  -0.0000000e+00
  -0.0000000e+00
  -0.0000000e+00
  -0.0000000e+00
  -0.0000000e+00
  -0.0000000e+00
  -0.0000000e+00
  -0.0000000e+00
  -0.0000000e+00
   0.0000000e+00
   0.0000000e+00
   0.0000000e+00
   0.0000000e+00
   0.0000000e+00
   0.0000000e+00
   0.0000000e+00
   0.0000000e+00
  -0.0000000e+00
  -0.0000000e+00
  -1.1595966e-01
  -1.1935696e-01
  -4.8301503e-02
  -1.1013189e-02
   1.4246830e-02
   0.0000000e+00
   0.0000000e+00
   0.0000000e+00
  -0.0000000e+00
  -0.0000000e+00
  -0.0000000e+00
  -0.0000000e+00
  -0.0000000e+00
   0.0000000e+00
  -0.0000000e+00
  -0.0000000e+00
  -0.0000000e+00
  -0.0000000e+00
  -0.0000000e+00
  -0.0000000e+00
  -0.0000000e+00
  -0.0000000e+00
  -0.0000000e+00
  -0.0000000e+00
  -0.0000000e+00
  -0.0000000e+00
  -0.0000000e+00
  -0.0000000e+00
   0.0000000e+00
   0.0000000e+00
   0.0000000e+00
   0.0000000e+00
   0.0000000e+00
  -0.0000000e+00
  -0.0000000e+00
   0.0000000e+00
   0.0000000e+00
   0.0000000e+00
   1.4369654e-03
  -3.2219861e-03
  -1.1010075e-02
  -2.3880126e-02
  -0.0000000e+00
   0.0000000e+00
   0.0000000e+00
   0.0000000e+00
  -0.0000000e+00
  -0.0000000e+00
  -0.0000000e+00
  -0.0000000e+00
