   0.0000000e+00   0.0000000e+00   0.0000000e+00   0.0000000e+00   0.0000000e+00   0.0000000e+00   0.0000000e+00   0.0000000e+00   0.0000000e+00   0.0000000e+00   0.0000000e+00   0.0000000e+00   0.0000000e+00   0.0000000e+00   0.0000000e+00   0.0000000e+00   0.0000000e+00   0.0000000e+00   0.0000000e+00   0.0000000e+00   0.0000000e+00   0.0000000e+00   0.0000000e+00   0.0000000e+00   4.3540189e+00   3.7850009e+00   2.2772834e+00   1.6486856e+00   0.0000000e+00   0.0000000e+00   0.0000000e+00   0.0000000e+00   0.0000000e+00   0.0000000e+00   0.0000000e+00   0.0000000e+00
   0.0000000e+00   0.0000000e+00   0.0000000e+00   0.0000000e+00   0.0000000e+00   0.0000000e+00   0.0000000e+00   0.0000000e+00   0.0000000e+00   0.0000000e+00   0.0000000e+00   0.0000000e+00   0.0000000e+00   0.0000000e+00   0.0000000e+00   0.0000000e+00   0.0000000e+00   0.0000000e+00   0.0000000e+00   0.0000000e+00   0.0000000e+00   0.0000000e+00   4.4470668e+00   5.1507296e+00   3.1344923e+00   1.8537284e+00   2.2140257e+00   0.0000000e+00   0.0000000e+00   0.0000000e+00   0.0000000e+00   0.0000000e+00   0.0000000e+00   0.0000000e+00   0.0000000e+00   0.0000000e+00
   0.0000000e+00   0.0000000e+00   0.0000000e+00   0.0000000e+00   0.0000000e+00   0.0000000e+00   0.0000000e+00   3.2881772e+00   2.4450567e+00   0.0000000e+00   0.0000000e+00   0.0000000e+00   0.0000000e+00   0.0000000e+00   0.0000000e+00   0.0000000e+00   0.0000000e+00   0.0000000e+00   0.0000000e+00   0.0000000e+00   5.9198372e+00   3.1115340e+00   2.4272009e+00   1.8162836e+00   2.1442276e+00   2.3488576e+00   0.0000000e+00   0.0000000e+00   0.0000000e+00   0.0000000e+00   0.0000000e+00   0.0000000e+00   0.0000000e+00   0.0000000e+00   0.0000000e+00   0.0000000e+00
   0.0000000e+00   0.0000000e+00   0.0000000e+00   0.0000000e+00   1.9645532e+00   8.6236813e-01   1.6060877e+00   1.3299329e+00   1.2312795e+00   9.4272667e-01   1.2158484e+00   2.2832609e+00   3.2702223e+00   0.0000000e+00   0.0000000e+00   0.0000000e+00   0.0000000e+00   0.0000000e+00   0.0000000e+00   0.0000000e+00   5.2262250e+00   3.4440394e+00   3.6787900e+00   4.0489505e+00   3.1734353e+00   0.0000000e+00   0.0000000e+00   0.0000000e+00   0.0000000e+00   0.0000000e+00   0.0000000e+00   0.0000000e+00   0.0000000e+00   0.0000000e+00   0.0000000e+00   0.0000000e+00
   0.0000000e+00   0.0000000e+00   0.0000000e+00   0.0000000e+00   2.0859260e+00   2.2437401e+00   2.4558619e+00   2.9207158e+00   3.2595753e+00   3.4504479e+00   3.5851703e+00   3.4437103e+00   2.3134336e+00   0.0000000e+00   0.0000000e+00   0.0000000e+00   0.0000000e+00   0.0000000e+00   0.0000000e+00   0.0000000e+00   0.0000000e+00   3.8427475e+00   5.0693951e+00   4.7171743e+00   3.4678636e+00   1.4330660e+00   0.0000000e+00   0.0000000e+00   0.0000000e+00   0.0000000e+00   0.0000000e+00   0.0000000e+00   0.0000000e+00   0.0000000e+00   0.0000000e+00   0.0000000e+00
   0.0000000e+00   0.0000000e+00   0.0000000e+00   1.7422487e+00   2.1511190e+00   2.7730355e+00   3.3191977e+00   3.7468480e+00   4.0864382e+00   4.2524419e+00   4.2655711e+00   3.9146578e+00   2.9564928e+00   1.1375418e+00   0.0000000e+00   0.0000000e+00   0.0000000e+00   0.0000000e+00   0.0000000e+00   0.0000000e+00   2.6235008e+00   4.4387158e+00   4.9811403e+00   3.9995662e+00   2.8628496e+00   1.9582581e+00   0.0000000e+00   0.0000000e+00   0.0000000e+00   0.0000000e+00   0.0000000e+00   0.0000000e+00   0.0000000e+00   0.0000000e+00   0.0000000e+00   0.0000000e+00
   0.0000000e+00   0.0000000e+00   0.0000000e+00   2.2282085e+00   2.2246268e+00   2.3241807e+00   2.9269369e+00   3.2864360e+00   3.4832923e+00   3.5585548e+00   3.4663841e+00   3.1700124e+00   2.7698160e+00   2.2599846e+00   0.0000000e+00   0.0000000e+00   0.0000000e+00   0.0000000e+00   0.0000000e+00   3.9324402e+00   5.1768803e+00   4.6842242e+00   3.7530039e+00   2.6915576e+00   2.7255260e+00   0.0000000e+00   0.0000000e+00   0.0000000e+00   0.0000000e+00   0.0000000e+00   0.0000000e+00   0.0000000e+00   0.0000000e+00   0.0000000e+00   0.0000000e+00   0.0000000e+00
   0.0000000e+00   0.0000000e+00   0.0000000e+00   1.4551987e+00   2.0359499e+00   2.0432328e+00   2.1542858e+00   2.1532452e+00   2.0996859e+00   1.9911496e+00   1.8116062e+00   1.5192053e+00   1.9989281e+00   3.7554049e+00   0.0000000e+00   0.0000000e+00   0.0000000e+00   0.0000000e+00   3.0113215e+00   5.2708275e+00   5.1655577e+00   3.4534361e+00   1.6473454e+00   1.9050194e+00   3.2212604e+00   0.0000000e+00   0.0000000e+00   0.0000000e+00   0.0000000e+00   0.0000000e+00   0.0000000e+00   0.0000000e+00   0.0000000e+00   0.0000000e+00   0.0000000e+00   0.0000000e+00
   0.0000000e+00   0.0000000e+00   0.0000000e+00   1.0671064e+00   1.2221317e+00   1.2758993e+00   1.0795445e+00   7.5641015e-01   6.0538207e-01   6.3164541e-01   7.1478959e-01   9.5646114e-01   2.0098007e+00   4.3461387e+00   0.0000000e+00   0.0000000e+00   0.0000000e+00   0.0000000e+00   2.0086794e+00   3.5567084e+00   2.8939204e+00   1.3783413e+00   1.4955891e+00   3.1366562e+00   4.0965314e+00   0.0000000e+00   0.0000000e+00   0.0000000e+00   0.0000000e+00   0.0000000e+00   0.0000000e+00   0.0000000e+00   0.0000000e+00   0.0000000e+00   0.0000000e+00   0.0000000e+00
   0.0000000e+00   0.0000000e+00   1.7191263e+00   1.2017549e+00   9.8306824e-01   1.5435273e+00   1.9635004e+00   2.2697741e+00   2.5320685e+00   2.7171755e+00   3.0176107e+00   3.3451973e+00   3.6504310e+00   4.3485016e+00   3.0268583e+00   0.0000000e+00   0.0000000e+00   1.0985322e+00   1.8897373e+00   2.5125744e+00   2.4285435e+00   3.0183049e+00   4.1065691e+00   5.2717410e+00   4.7246295e+00   0.0000000e+00   0.0000000e+00   0.0000000e+00   0.0000000e+00   0.0000000e+00   0.0000000e+00   0.0000000e+00   0.0000000e+00   0.0000000e+00   0.0000000e+00   0.0000000e+00
   0.0000000e+00   0.0000000e+00   2.8099689e+00   2.8025464e+00   2.9970622e+00   3.6648534e+00   4.3044278e+00   4.6778952e+00   4.8368074e+00   4.9724678e+00   5.1023800e+00   5.4405651e+00   5.4619773e+00   5.0450464e+00   3.3886768e+00   0.0000000e+00   3.1542633e+00   2.9953978e+00   3.8197040e+00   4.6246373e+00   4.9532343e+00   5.6253266e+00   6.2406115e+00   6.9574652e+00   4.8402515e+00   0.0000000e+00   0.0000000e+00   0.0000000e+00   0.0000000e+00   0.0000000e+00   0.0000000e+00   0.0000000e+00   0.0000000e+00   0.0000000e+00   0.0000000e+00   0.0000000e+00
   0.0000000e+00   2.2701406e+00   3.8433128e+00   3.9608808e+00   4.5101446e+00   5.3595819e+00   6.0822629e+00   6.4438883e+00   6.5253322e+00   6.3761210e+00   6.4211958e+00   6.9586658e+00   6.8921729e+00   6.0071075e+00   3.4228032e+00   0.0000000e+00   2.5869071e+00   3.7892377e+00   4.4799523e+00   6.2425214e+00   7.0202213e+00   7.4220818e+00   7.5979057e+00   7.8364682e+00   0.0000000e+00   0.0000000e+00   0.0000000e+00   0.0000000e+00   0.0000000e+00   0.0000000e+00   0.0000000e+00   0.0000000e+00   0.0000000e+00   0.0000000e+00   0.0000000e+00   0.0000000e+00
   0.0000000e+00   2.5947517e+00   3.5545975e+00   4.3355473e+00   5.1637199e+00   6.1085296e+00   6.7752691e+00   7.1624374e+00   7.2585182e+00   7.1343684e+00   7.3267202e+00   7.6673537e+00   7.4862721e+00   6.3045264e+00   3.6024081e+00   1.0541179e+00   0.0000000e+00   5.3344389e+00   6.3171971e+00   7.1847702e+00   8.0406221e+00   8.2165852e+00   8.1093624e+00   7.6597913e+00   0.0000000e+00   0.0000000e+00   0.0000000e+00   0.0000000e+00   0.0000000e+00   0.0000000e+00   0.0000000e+00   1.5825621e+00   3.0042776e+00   0.0000000e+00   0.0000000e+00   0.0000000e+00
   0.0000000e+00   1.8756559e+00   2.7401624e+00   4.1584296e+00   5.0766579e+00   5.9744059e+00   6.6056842e+00   6.9603758e+00   7.1383778e+00   7.2474736e+00   7.5111764e+00   7.4569110e+00   6.9978063e+00   5.6484529e+00   3.5933847e+00   2.4596622e+00   2.3112945e+00   0.0000000e+00   9.0238326e+00   8.2549144e+00   8.4135804e+00   8.3277876e+00   7.8544399e+00   6.5761266e+00   0.0000000e+00   0.0000000e+00   0.0000000e+00   0.0000000e+00   0.0000000e+00   0.0000000e+00   0.0000000e+00   2.0605801e+00   2.9285186e+00   0.0000000e+00   1.6207470e+00   9.8469664e-01
   0.0000000e+00   1.3241218e+00   1.8038634e+00   3.5517037e+00   4.4574984e+00   5.2712760e+00   5.7950435e+00   6.0857701e+00   6.1716133e+00   6.2297559e+00   6.3001206e+00   6.1161836e+00   5.4732283e+00   4.3583752e+00   3.3171086e+00   3.1228086e+00   2.9750723e+00   4.5602822e+00   5.3111974e+00   6.3037464e+00   7.7423548e+00   7.6911005e+00   6.8115032e+00   4.9691826e+00   0.0000000e+00   0.0000000e+00   0.0000000e+00   0.0000000e+00   0.0000000e+00   0.0000000e+00   0.0000000e+00   1.8191618e+00   2.4927646e+00   2.5092645e+00   1.5526760e+00   1.2199248e+00
   0.0000000e+00   8.2805161e-01   1.1627464e+00   2.8728327e+00   3.6978514e+00   4.3039865e+00   4.8245721e+00   5.0433756e+00   5.0736639e+00   5.0902602e+00   5.0607891e+00   4.8630769e+00   4.4227569e+00   3.8676360e+00   3.4467968e+00   3.2397920e+00   3.1937947e+00   2.8393046e+00   0.0000000e+00   0.0000000e+00   5.9051880e+00   6.5098305e+00   5.1343352e+00   3.2804138e+00   1.8799411e+00   0.0000000e+00   0.0000000e+00   0.0000000e+00   0.0000000e+00   0.0000000e+00   0.0000000e+00   1.2596283e+00   2.0131217e+00   2.9677071e+00   2.2580060e+00   1.5001631e+00
   0.0000000e+00   3.7218062e-01   1.0224417e+00   2.2949922e+00   3.1748023e+00   3.6628281e+00   4.2344344e+00   4.6248842e+00   4.9360654e+00   5.2162145e+00   5.4591055e+00   5.5073951e+00   5.3938507e+00   5.1484418e+00   4.7356397e+00   3.8767308e+00   2.5709516e+00   1.1627095e+00   0.0000000e+00   0.0000000e+00   0.0000000e+00   5.3552769e+00   3.5827709e+00   1.7284618e+00   1.6624968e+00   2.2938101e+00   2.0651495e+00   0.0000000e+00   0.0000000e+00   0.0000000e+00   0.0000000e+00   9.0363294e-01   1.5708398e+00   3.0542411e+00   3.2902043e+00   1.5964259e+00
   0.0000000e+00   0.0000000e+00   5.8012027e-01   1.7716359e+00   2.8704182e+00   3.3297434e+00   3.9325205e+00   4.5576077e+00   5.0295579e+00   5.4345550e+00   5.7464355e+00   5.8660119e+00   5.8367104e+00   5.7383148e+00   5.3365295e+00   4.4085832e+00   2.7875954e+00   1.6529858e+00   0.0000000e+00   0.0000000e+00   0.0000000e+00   4.3393482e+00   2.8636227e+00   1.0432347e+00   1.3629624e+00   2.3338170e+00   2.2254026e+00   0.0000000e+00   0.0000000e+00   0.0000000e+00   3.3681544e+00   8.8343546e-01   1.2152815e+00   2.6089931e+00   3.4406080e+00   2.0477359e+00
   0.0000000e+00   0.0000000e+00   1.8205884e-01   7.9628863e-01   2.4110337e+00   2.8735366e+00   3.6150680e+00   4.4068419e+00   5.0718542e+00   5.5592018e+00   5.9283304e+00   6.0455530e+00   6.0175545e+00   5.7791213e+00   5.2307557e+00   4.2706923e+00   2.9835738e+00   2.6614191e+00   0.0000000e+00   0.0000000e+00   0.0000000e+00   0.0000000e+00   3.0513621e+00   2.0755887e+00   2.4682968e+00   2.5513550e+00   1.8424478e+00   0.0000000e+00   0.0000000e+00   0.0000000e+00   3.3331576e+00   1.3419806e+00   1.0527794e+00   1.9672430e+00   2.8045946e+00   2.0764551e+00
   0.0000000e+00   0.0000000e+00   3.7977151e-01   3.3273662e-01   1.0469680e+00   1.9903765e+00   2.9970747e+00   3.8243253e+00   4.5506813e+00   5.1609366e+00   5.5911033e+00   5.8435853e+00   5.9105993e+00   5.8612225e+00   5.7138403e+00   5.3621876e+00   4.7097881e+00   3.6666340e+00   0.0000000e+00   0.0000000e+00   0.0000000e+00   0.0000000e+00   2.8141354e+00   3.3925969e+00   3.8843058e+00   3.6081425e+00   2.3735775e+00   0.0000000e+00   0.0000000e+00   0.0000000e+00   3.2759236e+00   2.1868683e+00   1.7000449e+00   1.8306874e+00   1.9293001e+00   1.1375701e+00
   1.4790932e+00   6.6549028e-01   3.9487002e-01   0.0000000e+00   0.0000000e+00   1.7975817e+00   2.2347741e+00   2.8031355e+00   3.4098459e+00   3.9535896e+00   4.4018986e+00   4.9241379e+00   5.6272604e+00   6.3019495e+00   6.7833627e+00   6.8359735e+00   6.3767695e+00   5.1099857e+00   0.0000000e+00   0.0000000e+00   0.0000000e+00   0.0000000e+00   3.0005786e+00   4.8449642e+00   5.3460286e+00   4.8842186e+00   3.3895564e+00   0.0000000e+00   0.0000000e+00   0.0000000e+00   3.3867235e+00   3.5224420e+00   3.3521097e+00   3.4469422e+00   3.3972650e+00   2.5935517e+00
   3.8437887e+00   1.7350426e+00   4.4863458e-01   0.0000000e+00   3.0817932e+00   2.9111400e+00   2.5566581e+00   2.7285890e+00   3.0830572e+00   3.5389264e+00   4.0149231e+00   4.7879268e+00   5.7587288e+00   6.6147427e+00   7.2189832e+00   7.3836846e+00   7.0824021e+00   6.3441958e+00   0.0000000e+00   0.0000000e+00   0.0000000e+00   0.0000000e+00   3.9017772e+00   6.0474210e+00   6.5694571e+00   6.0965658e+00   4.4721145e+00   0.0000000e+00   0.0000000e+00   0.0000000e+00   2.8728909e+00   4.8127858e+00   5.2628112e+00   5.7104697e+00   5.9259446e+00   5.3616441e+00
   5.4509000e+00   2.3282097e+00   0.0000000e+00   0.0000000e+00   3.9546142e+00   4.6160310e+00   3.6453772e+00   3.6302647e+00   3.6942185e+00   3.7786114e+00   4.0452962e+00   4.6573064e+00   5.5510296e+00   6.4201653e+00   7.0528299e+00   7.3289029e+00   7.2658825e+00   7.0110878e+00   2.5046156e+00   0.0000000e+00   0.0000000e+00   0.0000000e+00   4.4289453e+00   6.6212440e+00   7.1766405e+00   6.9489623e+00   5.6357443e+00   0.0000000e+00   0.0000000e+00   0.0000000e+00   1.8819552e+00   5.5002696e+00   6.7013825e+00   7.3414502e+00   7.7590710e+00   7.3420607e+00
   6.4441727e+00   2.5766764e+00   0.0000000e+00   0.0000000e+00   0.0000000e+00   5.3776291e+00   4.4987595e+00   4.5497382e+00   4.4792722e+00   4.2712739e+00   4.1599283e+00   4.3369514e+00   4.8589161e+00   5.5771103e+00   6.1950619e+00   6.5962933e+00   6.8753130e+00   6.9527868e+00   4.2445805e+00   0.0000000e+00   0.0000000e+00   0.0000000e+00   4.2432932e+00   6.2280227e+00   6.9602283e+00   7.1885807e+00   6.8263842e+00   0.0000000e+00   0.0000000e+00   0.0000000e+00   1.8341200e+00   5.6776984e+00   7.1572694e+00   7.8712916e+00   8.2409585e+00   7.9530041e+00
   6.9395037e+00   2.8815608e+00   0.0000000e+00   0.0000000e+00   0.0000000e+00   4.7074856e+00   4.5019345e+00   4.8129065e+00   4.5356880e+00   4.2263653e+00   3.8780023e+00   3.7040165e+00   3.8080333e+00   4.2343432e+00   4.7171930e+00   5.2240865e+00   5.8877975e+00   6.4579253e+00   4.7020350e+00   0.0000000e+00   0.0000000e+00   0.0000000e+00   3.7072441e+00   4.9300629e+00   5.7525387e+00   6.5487908e+00   7.3152276e+00   0.0000000e+00   0.0000000e+00   2.3924257e+00   2.0679503e+00   5.1412381e+00   6.5164463e+00   7.1709835e+00   7.4859887e+00   7.4580687e+00
   6.5344366e+00   0.0000000e+00   0.0000000e+00   0.0000000e+00   0.0000000e+00   3.1635998e+00   3.8542314e+00   3.8103041e+00   3.6350715e+00   3.3515025e+00   2.9946365e+00   2.6633812e+00   2.4652572e+00   2.5771998e+00   2.8510183e+00   3.3238654e+00   4.1014372e+00   5.3214860e+00   4.7321714e+00   0.0000000e+00   0.0000000e+00   1.6825485e+00   2.9110893e+00   3.0927277e+00   3.7825587e+00   4.8700755e+00   6.6531249e+00   3.4942361e+00   0.0000000e+00   2.3478843e+00   2.9131454e+00   4.1790995e+00   4.8801569e+00   5.3449147e+00   5.6230933e+00   5.8778076e+00
   4.9860472e+00   0.0000000e+00   0.0000000e+00   0.0000000e+00   0.0000000e+00   1.4633215e+00   2.1620622e+00   2.0643926e+00   1.9793858e+00   1.9072807e+00   1.6881023e+00   1.4176582e+00   1.0746946e+00   9.9534760e-01   1.1143992e+00   1.2258931e+00   1.8002734e+00   3.5575591e+00   4.7231864e+00   0.0000000e+00   0.0000000e+00   1.7798347e+00   1.7556921e+00   1.2497297e+00   1.3190731e+00   2.4505713e+00   4.7937722e+00   3.9910374e+00   0.0000000e+00   1.9788917e+00   3.1431400e+00   2.6321262e+00   2.5718462e+00   2.5847721e+00   2.7849767e+00   3.3839513e+00
   3.3254713e+00   2.5887871e+00   0.0000000e+00   0.0000000e+00   0.0000000e+00   3.3653696e-01   7.7467319e-01   8.9660179e-01   6.6516103e-01   6.2578895e-01   5.7678503e-01   5.0632311e-01   5.1258157e-01   8.3311265e-01   1.2119174e+00   1.2499101e+00   1.0864893e+00   2.2517176e+00   3.8246385e+00   0.0000000e+00   0.0000000e+00   1.2902104e+00   1.2153292e+00   1.3969268e+00   1.4467275e+00   1.7297619e+00   2.8520245e+00   3.4301737e+00   0.0000000e+00   1.2725656e+00   1.2570696e+00   8.4778911e-01   7.7155963e-01   1.1724373e+00   1.7148506e+00   2.1943728e+00
   4.2386044e+00   2.8451184e+00   1.5368540e+00   1.6163458e+00   0.0000000e+00   9.2898689e-01   1.3072366e+00   1.7244921e+00   1.7076514e+00   1.6729132e+00   1.7277455e+00   1.8265347e+00   1.9520589e+00   2.2398062e+00   2.6235053e+00   2.9707096e+00   3.1028232e+00   2.9965977e+00   2.8910461e+00   0.0000000e+00   0.0000000e+00   1.7680083e+00   2.5167327e+00   3.1814188e+00   3.5990038e+00   4.1845813e+00   3.9238849e+00   3.0373258e+00   1.6785691e+00   1.3054804e+00   1.6838151e+00   2.3396638e+00   3.1453191e+00   3.8617805e+00   4.4282135e+00   4.6353581e+00
   6.5593946e+00   5.3281213e+00   4.4036499e+00   3.6291396e+00   2.2768443e+00   2.3609346e+00   2.5304418e+00   2.2389892e+00   2.6333212e+00   2.7623833e+00   2.8508858e+00   3.0279103e+00   3.2640932e+00   3.5192292e+00   3.8891943e+00   4.3795757e+00   4.7387301e+00   4.5237533e+00   2.9406710e+00   0.0000000e+00   2.2928772e+00   3.4892964e+00   4.3596740e+00   4.9191372e+00   5.3597266e+00   6.1837346e+00   5.8793695e+00   4.8452441e+00   3.4169111e+00   3.2192488e+00   3.9403887e+00   4.8115256e+00   5.5334240e+00   6.0714482e+00   6.6023772e+00   6.9738741e+00
   7.7697119e+00   7.1311361e+00   6.4795577e+00   5.7034079e+00   4.7188896e+00   3.9890777e+00   3.4867184e+00   3.1471140e+00   3.4984047e+00   3.5666215e+00   3.5809180e+00   3.7948694e+00   4.1066392e+00   4.4391978e+00   4.8447066e+00   5.3497778e+00   5.7880650e+00   5.7679777e+00   4.5420568e+00   0.0000000e+00   3.9809259e+00   5.0872546e+00   5.6886070e+00   6.1027711e+00   6.4341255e+00   7.0775435e+00   6.9984622e+00   6.7280609e+00   6.0900432e+00   5.9243194e+00   6.1749165e+00   6.7872383e+00   7.0169087e+00   7.4462901e+00   7.8941541e+00   8.0186243e+00
   7.4594953e+00   7.3113130e+00   7.1113795e+00   6.4787871e+00   6.0925694e+00   5.4263994e+00   5.0422192e+00   4.4072989e+00   4.4138179e+00   4.2354894e+00   4.0999832e+00   4.2043381e+00   4.4805561e+00   4.8727156e+00   5.2342899e+00   5.7627847e+00   6.1521498e+00   6.3348920e+00   5.6685280e+00   0.0000000e+00   5.1555496e+00   5.5130743e+00   5.9454873e+00   6.2805589e+00   6.5905678e+00   7.1454824e+00   7.1912601e+00   7.4125129e+00   7.4206257e+00   7.4216531e+00   7.4579095e+00   7.7589416e+00   7.4366685e+00   7.7505744e+00   7.9820540e+00   7.7155662e+00
   5.5672066e+00   5.9090508e+00   5.9388661e+00   5.8869106e+00   5.8497983e+00   5.7041143e+00   5.6114254e+00   5.2228296e+00   4.9533459e+00   4.4468851e+00   4.2276291e+00   4.2362434e+00   4.5338670e+00   4.7870877e+00   5.0933384e+00   5.4841336e+00   5.6700617e+00   5.8506704e+00   5.8487801e+00   4.9094958e+00   4.6417439e+00   4.6532349e+00   4.9511209e+00   5.2959140e+00   5.4993332e+00   5.8367429e+00   6.0525739e+00   6.2525828e+00   6.5755098e+00   6.5662349e+00   6.5089269e+00   6.5314062e+00   6.2067506e+00   6.1322818e+00   5.9644217e+00   5.5920031e+00
   2.1023188e+00   2.2566824e+00   2.3326207e+00   2.7632214e+00   3.2073784e+00   3.9123241e+00   4.4331724e+00   4.5566665e+00   4.4321852e+00   4.1805734e+00   3.9508384e+00   3.9494058e+00   3.8988180e+00   3.9296196e+00   4.0203229e+00   3.9971987e+00   3.8745845e+00   3.7000386e+00   3.5119156e+00   2.4792467e+00   2.1743259e+00   2.6662618e+00   3.0198486e+00   3.1507602e+00   3.1673662e+00   3.2157651e+00   3.2899287e+00   3.3369052e+00   3.3735413e+00   3.1241555e+00   2.7628655e+00   2.6599954e+00   2.7120439e+00   2.6630971e+00   2.2340495e+00   1.9873454e+00
   5.4470826e+00   5.4032073e+00   4.8198332e+00   4.7165899e+00   4.7856086e+00   3.1490641e+00   2.9284021e+00   2.6729041e+00   2.2515497e+00   2.1724940e+00   2.1497501e+00   1.9810261e+00   1.7336205e+00   1.6509965e+00   1.7590986e+00   1.7478484e+00   1.9453480e+00   1.7053902e+00   2.1133162e+00   0.0000000e+00   3.1706814e+00   2.2132252e+00   1.7659397e+00   1.4578734e+00   1.8303118e+00   2.5266100e+00   3.0414748e+00   3.4698147e+00   3.2771508e+00   3.6124373e+00   4.4854516e+00   4.7025352e+00   6.1721674e+00   3.8274550e+00   4.6947802e+00   5.2678663e+00
   0.0000000e+00   0.0000000e+00   0.0000000e+00   0.0000000e+00   0.0000000e+00   0.0000000e+00   0.0000000e+00   5.0829106e+00   3.1745295e+00   2.3947674e+00   2.3664811e+00   0.0000000e+00   0.0000000e+00   0.0000000e+00   0.0000000e+00   0.0000000e+00   0.0000000e+00   0.0000000e+00   0.0000000e+00   0.0000000e+00   0.0000000e+00   0.0000000e+00   0.0000000e+00   0.0000000e+00   0.0000000e+00   0.0000000e+00   0.0000000e+00   0.0000000e+00   0.0000000e+00   0.0000000e+00   0.0000000e+00   0.0000000e+00   0.0000000e+00   0.0000000e+00   0.0000000e+00   0.0000000e+00
