-53.9977
-54.0553
-52.6454
-50.4791
-47.5780
-41.1443
-32.4564
-27.1911
-26.2308
-24.2963
-22.9031
-22.9577
-24.8566
-28.3820
-30.1235
-30.5030
-32.4825
-34.3991
-35.5805
-37.0734
-35.3079
-31.7325
-27.8835
-27.2165
-31.0431
-37.1682
-41.7508
-44.8237
-46.2168
-48.6833
-51.8684
-50.8072
-46.7372
-45.5141
-50.0424
-53.5613
-28.0049
-26.1689
-25.1354
-26.3033
-24.0159
-19.9300
-16.6610
-13.9119
-12.4751
-11.6438
-11.1695
-10.8275
-10.6240
-10.6268
-10.5171
-10.5217
-10.9430
-11.6866
-13.4855
-20.1077
-20.5766
-17.9120
-16.1936
-15.1212
-14.6504
-14.9267
-15.1885
-15.4256
-15.0252
-16.3552
-20.8034
-25.8043
-23.2079
-19.0009
-22.2435
-26.1244
-6.6411
-5.3995
-4.2111
-3.5094
-3.5016
-2.8237
-1.8699
-1.5944
-1.9946
-2.5398
-3.4244
-3.6022
-3.2616
-3.0056
-2.7875
-2.6496
-2.6453
-2.7092
-2.8598
-4.5450
-6.8818
-8.2259
-8.7836
-8.8260
-8.5383
-8.1373
-7.5786
-6.8685
-6.0338
-5.6382
-5.8867
-6.4593
-7.1013
-7.3506
-7.4175
-7.3158
-0.8827
0.3888
1.5307
1.8310
2.2040
3.1502
3.8167
3.3586
3.1933
2.9183
2.2288
1.7324
1.8902
2.1040
2.0182
2.2475
2.1729
2.3031
0.7253
1.2997
1.1936
-1.4223
-2.7875
-3.1884
-3.3882
-3.5589
-3.1336
-2.4451
-1.3871
-0.6959
-0.9408
-1.0550
-1.6200
-2.0446
-1.9333
-1.3911
2.9054
3.8196
4.6330
4.9932
5.9193
6.3326
6.5903
6.1465
6.4902
6.5161
6.1461
5.8245
5.7272
5.5771
5.2485
5.1540
5.1022
5.3269
1.8504
5.0365
3.9632
3.1026
2.5411
1.8658
1.1531
1.2365
1.7249
2.4899
2.9303
2.9404
2.6851
2.5968
2.1250
2.4691
2.7771
2.6827
6.1564
6.6410
7.1646
7.7692
8.5992
9.1134
8.6486
8.7618
9.5034
9.1696
8.8137
8.5733
8.3776
8.1728
7.9005
7.7352
7.6869
7.7652
4.0478
7.8733
8.0246
7.5479
6.8292
6.1687
5.0468
5.6669
5.9635
6.3181
6.3272
6.1312
6.1105
6.2966
6.1769
5.6603
5.3848
5.4728
8.8587
9.2524
9.6703
10.1635
10.6629
11.7444
11.3501
11.2511
12.2434
11.6387
11.2184
10.9063
10.7511
10.7124
10.6751
10.5988
10.4642
10.2364
7.7850
10.7239
12.6247
11.3857
10.6179
9.7351
8.6990
9.7809
10.2434
11.0636
11.5230
11.0324
10.7335
10.6059
10.0213
9.2518
8.6655
8.6982
11.0857
11.9200
12.1658
12.5640
12.2732
14.3076
13.6449
13.8189
14.1302
13.5519
13.2142
13.0647
13.1523
13.3570
13.5262
13.4330
13.0485
12.4120
10.9088
12.9339
15.1921
14.5053
13.5479
12.7707
12.3022
12.7106
13.1635
14.0646
15.7103
15.1621
14.2211
13.6019
12.9209
12.2071
11.5740
11.1106
13.2215
14.5788
14.6414
15.3777
15.1403
16.1325
16.0674
15.9070
15.7331
15.4004
15.2406
15.3361
15.6646
16.0162
16.1502
15.8971
15.1317
14.1375
12.7408
14.7494
16.7491
17.1637
16.1555
15.5004
15.0623
14.7640
14.5719
14.7206
13.3327
17.5789
16.7895
16.1133
15.3995
14.6220
13.8884
13.1631
15.3844
17.2787
16.9042
17.6196
17.4819
17.3771
17.7167
17.5705
17.4885
17.3565
17.3904
17.6411
18.0303
18.2785
18.1453
17.5716
16.5559
15.1772
14.2446
14.8582
17.4587
18.5528
18.2546
17.5643
16.9300
16.1644
15.5297
15.7692
13.0203
18.5576
19.1906
18.2351
17.4758
16.6349
15.7865
15.0741
17.4590
19.9268
19.4717
19.0460
19.0142
19.0851
19.4074
19.3826
19.4187
19.4071
19.5059
19.7309
19.9730
19.9017
19.4143
18.5712
17.4212
15.8726
15.4477
13.1416
18.4762
18.6027
19.6640
18.8934
18.0662
17.0505
16.2522
16.9458
15.2403
19.7886
20.1954
19.7923
19.0796
18.3064
17.5121
16.9003
19.3420
22.3889
22.0438
20.9025
20.5240
20.8216
21.0821
21.1514
21.2327
21.2799
21.3662
21.4513
21.3765
20.9449
20.1861
19.1856
17.9557
16.8081
16.5509
12.5113
19.8848
17.1926
20.4064
19.6834
18.6949
17.6599
17.4102
17.9655
16.7183
20.3709
19.8515
20.7685
20.2880
19.6449
18.9941
18.5872
20.9450
23.2566
23.1948
22.6787
21.6933
22.1083
22.5249
22.6629
22.7770
22.7824
22.7343
22.5978
22.2834
21.6808
20.8026
19.7773
18.6526
17.8479
15.9809
13.3853
20.0586
17.3022
20.6905
20.2079
19.2916
18.5310
19.0508
18.5697
16.8931
19.5886
20.5636
21.4135
21.1932
20.7482
20.4177
20.2838
22.3284
23.5464
23.8989
23.5099
22.8331
23.1931
23.5873
23.7533
23.7921
23.7280
23.5346
23.2564
22.8541
22.2754
21.5073
20.6112
19.6313
18.5925
13.6667
17.3311
19.8492
18.0887
20.9262
20.8358
20.1402
19.6758
20.5591
18.3447
16.4235
18.4898
22.1170
21.9338
21.9314
21.7739
21.7280
21.8167
23.4443
24.0285
24.3953
23.8876
23.1429
23.8662
24.2356
24.3430
24.3306
24.1730
23.9327
23.6032
23.2049
22.7121
22.1676
21.5125
20.7495
19.5775
15.8278
20.4170
20.0408
19.2050
20.9973
21.5214
21.0920
20.9627
21.9785
19.2610
16.3298
17.7902
22.6991
22.5714
22.5198
22.4735
22.6462
22.9812
23.5619
23.9689
24.5843
23.7269
21.5703
24.1376
24.5112
24.5794
24.4627
24.2538
23.9488
23.6245
23.2599
22.8728
22.4584
22.0005
21.4204
20.2952
18.3661
21.2790
20.5018
20.3994
20.9251
22.1514
22.0461
22.2147
23.0865
20.3882
17.9232
17.6410
22.9873
23.0619
23.1145
23.1744
23.3280
23.6043
22.7363
23.2248
24.2013
22.3749
21.7605
24.3212
24.5908
24.4556
24.1782
23.8290
23.4835
23.1281
22.7577
22.4137
22.0111
21.6302
21.3006
20.7106
19.8463
22.0538
21.4863
21.2888
21.9263
22.4920
22.6242
22.9455
23.6043
20.5161
18.7722
17.4546
22.9185
23.3827
23.5486
23.5875
23.6533
23.8382
22.2063
22.1060
23.7112
23.0732
24.2970
24.5151
24.3638
24.0017
23.4890
22.9733
22.4703
22.0078
21.5472
21.0930
20.6862
20.3521
20.5460
20.9347
19.7474
22.0992
22.1670
22.3000
22.3923
22.5861
22.8178
23.2961
23.4571
20.1876
18.6989
17.6613
23.0483
23.4984
23.7706
23.8402
23.8425
23.8231
22.2507
21.6103
24.1814
24.6096
24.6097
24.5307
24.2752
23.8829
23.3900
22.8459
22.3514
21.8970
21.4465
21.0312
20.7066
20.6192
21.2300
22.1494
19.4933
21.3321
21.6697
22.4089
22.4947
22.7907
23.1458
23.4892
23.5372
19.9679
19.6870
19.4818
23.0423
23.5059
23.9120
24.0085
23.9916
23.4200
22.5899
22.5850
24.2772
24.6181
24.6567
24.5535
24.4039
24.1797
23.8905
23.5468
23.1885
22.8979
22.6415
22.4891
22.3617
22.4060
22.7770
23.3004
19.4390
20.1447
21.4853
22.3580
22.5013
22.9104
23.2523
22.7652
22.6676
19.6503
20.5140
19.9167
22.2563
23.3011
23.8827
24.0469
23.9687
23.3387
22.9871
23.8446
23.5270
24.4023
24.4098
24.3619
24.2555
24.1328
23.9898
23.8499
23.6630
23.4877
23.3592
23.2806
23.2301
23.2529
23.4568
23.4031
20.6860
21.4057
21.9142
22.1428
22.0380
22.3820
22.4555
21.4980
21.9871
21.0246
21.6750
18.4145
20.6960
22.8503
23.5910
23.9243
24.0422
23.8529
22.0194
23.7768
23.4869
24.0730
24.0411
23.8923
23.7305
23.5828
23.4769
23.3537
23.2815
23.1915
23.2023
23.2879
23.3736
23.5784
23.8176
22.7937
22.2046
21.7723
21.9836
21.5971
21.2045
21.4081
22.1987
22.7160
22.7575
23.2566
22.0729
19.7765
22.5776
22.3301
23.0533
23.0352
23.9384
23.5853
21.0682
23.3616
23.2494
23.6765
23.5462
23.2958
23.0516
22.8332
22.6456
22.4814
22.3177
22.2275
22.2983
22.5840
23.0769
23.7457
22.7137
21.6876
22.2539
21.9037
21.5435
20.8592
20.3022
20.4006
22.9613
23.7214
23.2298
22.9114
20.6563
22.2797
22.3528
22.0694
22.5617
22.6062
23.9312
23.1084
20.1210
22.6628
22.7505
23.1484
22.9938
22.7024
22.3391
22.0197
21.7456
21.5286
21.1633
20.8576
20.5963
20.9194
22.1081
21.9782
19.6748
22.3425
22.7536
21.8087
21.0234
20.3187
19.6113
19.3930
22.5526
22.8850
21.9579
20.9188
19.4271
23.1086
21.0459
21.9106
22.1589
22.1645
23.4873
21.9326
17.3291
20.6695
21.8510
22.1682
22.2406
21.8677
21.3604
20.8723
20.5212
20.3047
19.8213
19.2591
18.5904
18.5882
20.5992
17.9801
19.7861
22.8183
22.7211
21.5482
20.5657
19.7221
18.9844
18.4774
21.0154
21.7720
19.5582
18.1350
17.6642
22.0185
19.9075
22.7801
22.1881
22.4252
22.5495
19.5778
13.4137
15.9944
19.6320
20.6415
20.9183
20.6064
19.9782
19.3147
18.8877
18.6416
18.3554
17.7263
16.8550
16.4426
19.3754
15.5851
19.1669
21.3739
21.8598
20.9585
20.0419
19.0532
18.2108
17.6345
18.7758
20.2553
17.7558
16.2004
16.6185
20.2924
18.7568
22.9721
21.9283
22.2962
21.1968
16.0834
9.4825
12.8820
16.1988
18.7409
19.0015
18.8675
18.3068
17.5494
16.9426
16.6440
16.4491
16.0799
15.3061
14.7568
17.8105
13.4462
16.0193
18.3597
20.4256
20.0273
19.3611
18.4144
17.3177
16.5649
16.8735
17.5261
16.9248
15.9114
16.4343
16.7682
18.0044
17.7665
18.3866
20.8863
5.7541
3.7681
4.8083
11.0419
12.7447
15.9377
16.9851
16.8077
16.3093
15.5146
14.8306
14.4381
14.3188
14.2020
13.7708
13.4342
15.0780
10.3281
10.5661
12.5491
17.9191
18.5066
18.3873
17.6440
16.5550
15.4886
15.3557
13.6847
14.9629
15.6954
15.9686
15.3771
16.4938
11.8895
11.9088
10.3003
-10.1885
-7.6465
2.0147
8.8887
8.9350
10.2000
13.8658
13.6857
13.2144
12.5318
11.9390
11.7469
11.9355
12.1622
12.1087
12.0222
8.6573
4.5539
4.7771
5.6293
12.0442
16.2162
16.4513
16.1913
15.3427
14.2929
13.8798
13.7169
13.2563
14.5265
14.5730
13.6180
11.1498
10.9556
7.3215
-3.2149
-8.2683
-7.3569
2.9575
4.1686
4.1081
5.8567
8.1746
8.2861
8.4098
8.3390
8.2756
8.6063
9.2347
9.9144
10.3975
9.0863
1.7343
-1.0837
-2.4646
-4.7003
0.7461
9.2116
11.8655
12.3794
12.8606
12.3592
12.2145
10.0346
12.5236
12.2224
11.0198
7.8519
6.7984
11.4712
9.1743
-0.8886
4.3873
0.4115
-0.5847
-1.7706
-1.3972
-1.0955
-0.6916
1.0198
2.7040
3.7651
4.6229
5.5976
6.5776
7.6618
8.6753
6.3869
-2.6658
-7.8258
-13.6564
-15.9191
-16.3542
-9.7022
0.9600
4.7095
8.0666
9.2665
9.9031
8.5242
6.8925
6.8255
6.1627
8.5470
7.0561
6.9671
6.5320
3.2107
1.1421
-0.0873
-6.4586
-6.6739
-6.4560
-7.1710
-5.9630
-3.4475
-1.1862
0.6780
2.2790
3.4326
4.4939
5.9432
7.2413
-0.4219
-13.0208
-19.2964
-22.8915
-25.4722
-25.8846
-20.1135
-12.2895
-1.2053
3.1503
5.7399
7.5874
5.9995
2.8044
0.6449
0.7613
1.9188
2.2396
1.3590
0.5440
-0.3859
-3.3392
-7.2114
-9.7022
-12.5121
-12.4103
-12.4771
-8.9357
-6.8234
-4.4642
-2.0516
-0.4561
-0.6081
1.5560
4.7507
2.6630
-16.2822
-24.4958
-26.5524
-30.4049
-33.2106
-33.3803
-29.0302
-13.7132
-2.1890
1.2880
4.0333
5.2938
-2.7393
-2.6234
-8.3225
-7.6500
-5.5686
-4.8846
-4.9041
-5.4655
-5.8094
-6.3388
-8.4982
-14.8044
-15.9889
-16.4574
-16.3989
-14.2963
-12.7147
-10.8299
-8.0580
-7.3878
-7.3755
-7.1571
-4.2177
-11.7006
-21.8638
-26.8192
-31.0379
-33.2521
-36.6021
-35.2337
-26.9650
-8.8584
-8.6430
-0.2547
2.5103
2.8087
-2.4503
-10.7251
-17.4291
-17.9801
-16.3125
-13.3315
-12.1176
-12.4861
-13.1308
-13.2589
-13.8291
-21.2183
-21.0918
-20.5478
-20.3560
-20.4181
-19.6587
-18.8648
-18.8686
-18.1606
-14.7970
-13.3302
-14.3334
-16.3880
-19.9176
-25.4232
-29.0929
-32.2423
-35.9939
-34.1635
-27.1195
-19.1484
-27.0897
-19.1669
-13.3065
-13.5411
-8.8475
-8.4351
-17.7493
-23.6145
-25.0724
-24.8879
-23.3847
-23.2131
-22.6967
-21.0568
-21.1335
-28.7410
-27.9863
-27.1994
-26.7980
-26.4143
-26.0684
-25.8140
-25.6693
-25.5833
-25.5690
-25.9206
-26.3165
-26.3750
-25.9670
-27.7807
-31.2724
-34.9366
-35.4138
-30.6722
-28.2313
-30.2829
-33.7524
-34.8615
-30.8782
-25.3500
-20.9107
-16.7026
-20.8333
-28.1507
-31.0689
-31.5252
-31.1470
-31.2251
-31.0875
-29.7664
-29.1690
